File path:	C:\Users\jens.dujardin\OneDrive - VLIZ\Jens_Dujardin_backup\Documents\Labstaf\45O\1m_45O_27072023.rsf

STAF system			STAF setup						Temperatures at start
LabSTAF:	21-2937-012		416 nm:	0.3638		1st pulse:	100	 µs	Sample:	20.8	°C
Mode:	Auto FLC		452 nm:	0.4502		2nd pulse:	100	 µs	System:	26.8	°C
Date:	Jul 27, 2023		452 nm:	0.4635		Start gap:	400	 µs
Time:	19:05		473 nm:	0.3983		End gap:	12800	 µs
Duration:	27:43 s		495 nm:	0.2488		Gap steps:	11	
Acqs:	1386		534 nm:	0.331		Seq interval:	120	 ms
Saqs:	1386		594 nm:	0.3735		Seq / Acq:	8
Groups:	126		622 nm:	0.1987		Acq / Saq:	1
						Group time:	11	 s

File details
Blank:	0
Project:	Canoe
Reference:	JENS
Run by:	
Note:	

Data processing				Flat white coefficients
Set Fv/Fm:	0.5	 (not applied)		MLED:	1.393
Ka:	11800			ALED:	1.211
PEC:	0.3486	 (DWM value)				
cPEC:	1.089
cPEP:	0.8694
aLHII:	0.0465

rPE fit
Alpha:	0.3539
Beta:	
Ek:	291	 µmol photons / m² / s
EkBeta:	-1234	 µmol photons / m² / s
rPm:	103.1
JVPIIm:	4.794	 µmol photons / m³ / s
GOPIIm:	4.315	 mmol O2 / m³ / h

		Up																					Dark											Down
								Fo	Fm	Fv	Fv/Fm	Fv/Fmc						AlphaPII	SigmaPII	Rho	TauS																Fo	Fm	Fv	Fv/Fm	Fv/Fmc								AlphaPII	SigmaPII	Rho	TauS
	E	Fb	rP	rP fit	JVPII	GOPII	JPII	F'	Fm'	Fq'	Fq'/Fm'	Fq'/Fmc'	Fv'/Fmc'	Fq'/Fv'	EkS	Ekt'	Ekt	AlphaPII'	SigmaPII'	Rho'	TauS'	Taut'	Fo	Fm	Fv	Fv/Fm	Fv/Fmc	Fv'/Fmc'	EkS	AlphaPII	SigmaPII	Rho	TauS	rP	JVPII	GOPII	JPII	F'	Fm'	Fq'	Fq'/Fm'	Fq'/Fmc'	Fv'/Fmc'	Fq'/Fv'	EkS	Ekt'	Ekt	AlphaPII'	SigmaPII'	Rho'	TauS'	Taut'
	0	0		0				1.563	2.503	0.9404	0.3756	0.3756	0.3756		71			0.07714	2.728	0.2902	9861																	1.219	1.908	0.6881	0.3607	0.3607	0.3143				173	0.07619	2.694	0.2588	4101	
	19	0	4.7	6.5	0.2167	0.195	23.59	1.616	2.511	0.8951	0.3564	0.3564	0.3764	0.9471	182	120	120	0.07081	2.504	0.1795	4197	6359												4.297	0.1998	0.1798	26.37	1.262	1.912	0.6507	0.3403	0.3403	0.3149	1.081			186	0.06936	2.453	0.1757	4176	
	35	0	11.8	11.7	0.5469	0.4922	41.29	1.636	2.446	0.8103	0.3313	0.3313	0.3702	0.8947	154	157	155	0.07122	2.518	0.1315	4933	4833																														
	58	0	18.2	18.6	0.8452	0.7606	63.23	1.701	2.479	0.7779	0.3138	0.3138	0.3734	0.8403	195	162	161	0.07007	2.478	0.1675	3963	4771																														
	86	0	26	26.3	1.211	1.09	81.97	1.869	2.681	0.8114	0.3027	0.3027	0.3918	0.7725	138	159	166	0.06664	2.357	0.1745	5861	5090																														
	119	0	34.3	34.6	1.594	1.435	118	1.717	2.415	0.698	0.289	0.289	0.3673	0.7868	218	237	232	0.06806	2.407	0.156	3648	3345												34.33	1.596	1.437	131.1	1.343	1.889	0.5467	0.2894	0.2894	0.3123	0.9266	771	641	355	0.06422	2.271	0.1615	2368	1090
	159	0	43.2	43.3	2.011	1.81	153.7	1.699	2.333	0.6338	0.2717	0.2717	0.3592	0.7565	148	271	259	0.06901	2.44	0.1706	5285	2885												42.13	1.959	1.763	164.6	1.281	1.742	0.461	0.2647	0.2647	0.295	0.8971	721	566	591	0.06234	2.204	0.1375	1467	1202
	207	0	51.7	52.4	2.404	2.163	180.3	1.628	2.169	0.5413	0.2495	0.2495	0.3427	0.7283	521	309	281	0.06458	2.284	0.1335	1605	2711												49.19	2.287	2.059	204.6	1.236	1.621	0.385	0.2375	0.2375	0.2804	0.847	607	453	171	0.06303	2.229	0.1059	5013	1413
	264	0	61.9	61.4	2.877	2.589	222.4	1.557	2.034	0.4772	0.2346	0.2346	0.3284	0.7144	204	369	323	0.0637	2.253	0.1019	4149	2298																														
	333	0	68.7	70.2	3.194	2.874	261.2	1.319	1.662	0.3428	0.2063	0.2063	0.2854	0.7227	198	484	367	0.05862	2.073	0.0431	4651	1905																														
	415	0	77.9	78.2	3.622	3.259	302.3	1.263	1.555	0.2921	0.1878	0.1878	0.2721	0.6902	201	523	378	0.057	2.016	0.1098	4715	1813																														
	514	0	83.4	85.4	3.876	3.488	298.9	1.124	1.341	0.2173	0.1621	0.1621	0.2437	0.6651	622	585	379	0.04722	1.67	0.03931	1840	1956	0.9671	1.385	0.4182	0.3019	0.3019	0.2498	94	0.06227	2.202	0.1775	9200																			

		Gaq parameters
	From linear regression
Base:		1.798	1.798	1.798	1.798	1.798	1.798	1.8	1.8	1.8	1.8	1.8	1.8	1.8	1.8	1.8	1.8	1.8	1.8	1.8	1.8	1.799	1.8	1.8	1.802	1.802	1.802	1.802	1.802	1.802	1.804	1.804	1.805	1.804	1.804	1.804	1.807	1.807	1.808	1.808	1.807	1.807	1.811	1.81	1.81	1.811	1.811	1.81	1.815	1.815	1.815	1.815	1.814	1.815	1.822	1.821	1.82	1.818	1.818	1.818	1.824	1.824	1.823	1.823	1.824	1.823	1.829	1.828	1.828	1.827	1.826	1.826	1.834	1.83	1.829	1.83	1.83	1.83	1.837	1.835	1.834	1.835	1.834	1.834	1.798	1.798	1.798	1.798	1.798	1.798	1.811	1.811	1.811	1.813	1.813	1.814	1.814	1.813	1.814	1.814	1.814	1.814	1.811	1.811	1.811	1.811	1.81	1.811	1.808	1.807	1.808	1.807	1.808	1.808	1.8	1.799	1.799	1.799	1.799	1.799	1.798	1.798	1.798	1.798	1.798	1.798	1.798
F', Fo:		1.581	1.604	1.681	1.644	1.598	1.651	1.806	1.711	1.745	1.624	1.673	1.698	1.652	1.624	1.626	1.733	1.791	1.873	1.699	1.743	1.681	1.637	1.647	1.852	1.781	1.722	1.61	1.742	1.887	1.823	1.779	1.74	1.66	1.894	1.853	1.806	1.79	2.038	2.014	1.878	1.756	1.758	1.665	1.645	1.875	1.914	1.707	1.761	1.81	1.775	1.705	1.713	1.78	1.991	1.852	1.768	1.635	1.43	1.495	1.652	1.558	1.53	1.577	1.72	1.669	1.515	1.407	1.432	1.339	1.204	1.285	1.477	1.342	1.26	1.277	1.251	1.267	1.206	1.132	1.097	1.165	1.143	1.164	1.205	1.067	0.9839	0.9511	0.9768	0.9728	0.9851	1.005	1.089	1.142	1.185	1.162	1.256	1.284	1.278	1.319	1.191	1.137	1.314	1.492	1.342	1.189	1.237	1.274	1.332	1.343	1.495	1.366	1.324	1.417	1.362	1.334	1.294	1.256	1.385	1.457	1.326	1.178	1.242	1.356	1.322	1.323	1.289
Fm', Fm:		2.342	2.419	2.528	2.484	2.367	2.494	2.592	2.444	2.501	2.364	2.441	2.483	2.403	2.348	2.375	2.531	2.628	2.749	2.477	2.56	2.44	2.404	2.406	2.584	2.513	2.431	2.281	2.467	2.685	2.52	2.489	2.407	2.302	2.643	2.609	2.45	2.452	2.833	2.786	2.6	2.408	2.325	2.221	2.205	2.557	2.627	2.314	2.34	2.411	2.342	2.26	2.265	2.372	2.583	2.411	2.281	2.11	1.833	1.93	2.083	1.965	1.92	2.022	2.201	2.151	1.872	1.74	1.776	1.653	1.474	1.594	1.763	1.602	1.524	1.546	1.514	1.53	1.429	1.338	1.3	1.378	1.353	1.376	1.682	1.49	1.37	1.311	1.341	1.333	1.219	1.262	1.357	1.435	1.513	1.492	1.601	1.63	1.631	1.686	1.512	1.443	1.716	1.977	1.773	1.548	1.623	1.68	1.795	1.835	2.045	1.85	1.79	1.91	1.946	1.906	1.84	1.79	1.982	2.093	1.984	1.76	1.834	1.984	1.921	1.916	1.891
	From rho fit
F', Fo:		1.508	1.544	1.611	1.579	1.519	1.577	1.734	1.646	1.642	1.534	1.596	1.632	1.581	1.547	1.562	1.639	1.713	1.791	1.623	1.666	1.616	1.559	1.556	1.783	1.708	1.637	1.537	1.662	1.803	1.747	1.719	1.662	1.607	1.818	1.775	1.743	1.744	1.97	1.95	1.813	1.678	1.71	1.616	1.592	1.814	1.848	1.658	1.705	1.754	1.736	1.651	1.654	1.71	1.936	1.797	1.726	1.593	1.395	1.461	1.622	1.514	1.5	1.537	1.677	1.63	1.481	1.375	1.408	1.313	1.18	1.264	1.461	1.321	1.239	1.257	1.236	1.247	1.192	1.123	1.087	1.156	1.128	1.15	1.174	1.038	0.9607	0.9212	0.9484	0.9426	0.9663	0.982	1.067	1.117	1.159	1.137	1.23	1.256	1.244	1.284	1.161	1.107	1.284	1.45	1.306	1.161	1.206	1.244	1.292	1.302	1.443	1.333	1.292	1.384	1.323	1.284	1.24	1.188	1.334	1.405	1.268	1.121	1.186	1.304	1.267	1.268	1.23
Fm', Fm:		2.403	2.45	2.592	2.535	2.437	2.537	2.632	2.483	2.532	2.402	2.483	2.534	2.462	2.389	2.395	2.57	2.669	2.795	2.516	2.604	2.491	2.434	2.444	2.596	2.533	2.462	2.292	2.497	2.717	2.52	2.502	2.438	2.314	2.664	2.621	2.458	2.46	2.842	2.808	2.612	2.43	2.333	2.24	2.216	2.57	2.635	2.326	2.34	2.432	2.35	2.272	2.277	2.372	2.583	2.419	2.289	2.117	1.851	1.941	2.09	1.965	1.938	2.022	2.212	2.151	1.879	1.74	1.769	1.663	1.474	1.584	1.774	1.619	1.53	1.552	1.52	1.53	1.42	1.338	1.294	1.378	1.353	1.376	1.682	1.49	1.376	1.325	1.35	1.342	1.225	1.262	1.374	1.441	1.513	1.498	1.608	1.64	1.641	1.686	1.518	1.443	1.723	1.995	1.783	1.558	1.63	1.687	1.805	1.845	2.045	1.868	1.8	1.921	1.964	1.94	1.876	1.816	2.017	2.129	2.018	1.786	1.867	2.018	1.959	1.954	1.925
Fq', Fv:		0.8954	0.9058	0.9817	0.9563	0.9179	0.9595	0.8979	0.8372	0.8899	0.8689	0.8878	0.9024	0.8811	0.842	0.8326	0.9314	0.9563	1.004	0.8936	0.9378	0.8741	0.875	0.8888	0.8135	0.8257	0.8247	0.7552	0.8357	0.9138	0.773	0.7826	0.7761	0.7068	0.8462	0.8468	0.7154	0.7167	0.8716	0.8581	0.799	0.7527	0.6231	0.6242	0.6242	0.7563	0.7873	0.6686	0.6357	0.6773	0.6146	0.6208	0.6227	0.6627	0.6471	0.622	0.5628	0.5247	0.4556	0.4799	0.4682	0.451	0.438	0.4849	0.535	0.5207	0.398	0.365	0.3614	0.3502	0.2945	0.3209	0.3129	0.298	0.2908	0.2956	0.2839	0.283	0.2277	0.215	0.2069	0.2223	0.2252	0.2262	0.5083	0.4521	0.4153	0.4043	0.4012	0.3991	0.259	0.2799	0.3066	0.3235	0.3535	0.3611	0.3773	0.384	0.3965	0.4021	0.3573	0.3366	0.4386	0.5448	0.4775	0.3976	0.424	0.4433	0.5128	0.5429	0.6018	0.5344	0.5078	0.5369	0.6406	0.656	0.6362	0.628	0.6825	0.7238	0.7509	0.665	0.6813	0.714	0.6919	0.6863	0.6946
Rho', Rho:		0.2825	0.324	0.3093	0.2653	0.2623	0.2936	0.224	0.2308	0.1164	0.1206	0.2117	0.2554	0.2595	0.2075	0.262	0.1215	0.2097	0.2267	0.2019	0.1719	0.2213	0.1229	0.1215	0.1526	0.186	0.1125	0.1257	0.1019	0.1145	0.0822	0.1911	0.1068	0.1909	0.1811	0.1472	0.1022	0.2244	0.1631	0.1877	0.1229	0.1043	0.1745	0.1599	0.1621	0.1704	0.1317	0.1676	0.08686	0.1593	0.2106	0.1568	0.1557	0.09622	0.08041	0.05902	0.1438	0.1741	0.1572	0.1648	0.09236	0.08232	0.1297	0.05602	0.1394	0.1275	0.05587	0.04799	0.03002	0.0294	0.06499	0.05678	0.1039	0.1037	0.1172	0.1508	0.06753	0.02655	0.04582	0.05387	0.009817	0.08376	0.009774	0.009654	0.1527	0.1499	0.2125	0.1752	0.1723	0.1974	0.1117	0.07231	0.03055	0.07861	0.08343	0.1243	0.1418	0.1552	0.1166	0.08975	0.06208	0.05733	0.1586	0.1565	0.1701	0.0849	0.1383	0.1265	0.1645	0.1713	0.1294	0.1672	0.1781	0.1768	0.2378	0.2021	0.1827	0.1151	0.2028	0.2046	0.2553	0.2545	0.2172	0.2995	0.264	0.2622	0.2448
AlphaPII', AlphaPII:		0.07879	0.07741	0.07742	0.07509	0.07862	0.07763	0.07214	0.07301	0.07518	0.07092	0.07423	0.07476	0.0766	0.07587	0.07427	0.073	0.07383	0.0758	0.07257	0.07052	0.07081	0.06933	0.07118	0.06964	0.07189	0.07246	0.07147	0.06905	0.06889	0.06714	0.06918	0.07003	0.06994	0.07114	0.07228	0.06752	0.06614	0.06662	0.06801	0.06579	0.07095	0.06885	0.06903	0.06902	0.06754	0.06665	0.06624	0.06456	0.06804	0.06778	0.06957	0.07063	0.07091	0.06509	0.06342	0.06438	0.06606	0.06446	0.06512	0.06032	0.06623	0.0627	0.06215	0.06371	0.06412	0.06096	0.05953	0.05735	0.05815	0.05947	0.05542	0.05297	0.0573	0.05803	0.0604	0.05228	0.05582	0.04855	0.04847	0.04401	0.04722	0.0492	0.04866	0.05861	0.05838	0.06146	0.0644	0.06484	0.06659	0.05453	0.05849	0.05906	0.06105	0.06099	0.06076	0.06058	0.06447	0.06584	0.06254	0.05928	0.06478	0.06376	0.06275	0.06503	0.0601	0.06145	0.06067	0.06524	0.06575	0.0645	0.06205	0.06459	0.06476	0.06595	0.06815	0.07033	0.07208	0.06687	0.06622	0.07208	0.07701	0.07442	0.07639	0.07694	0.07543	0.07675
SigmaPII', SigmaPII:		2.786	2.738	2.738	2.656	2.78	2.745	2.551	2.582	2.659	2.508	2.625	2.644	2.709	2.683	2.627	2.582	2.611	2.681	2.566	2.494	2.504	2.452	2.517	2.463	2.542	2.562	2.527	2.442	2.436	2.374	2.447	2.476	2.473	2.516	2.556	2.388	2.339	2.356	2.405	2.327	2.509	2.435	2.441	2.441	2.388	2.357	2.342	2.283	2.406	2.397	2.46	2.498	2.508	2.302	2.243	2.277	2.336	2.28	2.303	2.133	2.342	2.217	2.198	2.253	2.267	2.156	2.105	2.028	2.056	2.103	1.96	1.873	2.026	2.052	2.136	1.849	1.974	1.717	1.714	1.556	1.67	1.74	1.721	2.073	2.065	2.173	2.277	2.293	2.355	1.928	2.068	2.088	2.159	2.157	2.149	2.142	2.28	2.328	2.211	2.096	2.291	2.255	2.219	2.3	2.125	2.173	2.146	2.307	2.325	2.281	2.194	2.284	2.29	2.332	2.41	2.487	2.549	2.365	2.342	2.549	2.723	2.632	2.701	2.721	2.667	2.714
SE:		0.000892	0.001144	0.00108	0.001063	0.000837	0.000985	0.000726	0.000794	0.001038	0.000848	0.000925	0.000853	0.001013	0.000867	0.000794	0.000942	0.000913	0.000887	0.000846	0.00072	0.000721	0.000842	0.000781	0.000678	0.000677	0.000662	0.000645	0.000726	0.000676	0.000632	0.000724	0.000736	0.000559	0.000683	0.000641	0.000649	0.000564	0.000717	0.000712	0.000692	0.000662	0.000592	0.000634	0.000613	0.000663	0.000641	0.000634	0.000555	0.000645	0.000575	0.000617	0.000682	0.000562	0.000674	0.000699	0.000644	0.000576	0.000565	0.000534	0.000591	0.00051	0.000591	0.000573	0.000489	0.000615	0.000506	0.000499	0.000465	0.000477	0.00044	0.000434	0.000542	0.000518	0.000416	0.000459	0.000487	0.000453	0.000482	0.000416	0.000425	0.000462	0.000418	0.000486	0.000478	0.000495	0.000483	0.000494	0.000541	0.000518	0.000447	0.000433	0.000532	0.000489	0.000452	0.000437	0.00047	0.000543	0.000634	0.000531	0.000488	0.000479	0.000463	0.000517	0.000474	0.000396	0.00056	0.000484	0.000548	0.000575	0.00056	0.000552	0.000519	0.000645	0.000643	0.000777	0.000685	0.000775	0.000744	0.000857	0.000732	0.0008	0.000748	0.000764	0.000848	0.000804	0.000777
	Derived
Fq'/Fm', Fv/Fm:		0.3725	0.3697	0.3787	0.3772	0.3767	0.3782	0.3411	0.3372	0.3514	0.3617	0.3575	0.3561	0.3579	0.3524	0.3477	0.3623	0.3583	0.3592	0.3551	0.3601	0.351	0.3595	0.3636	0.3133	0.3259	0.335	0.3294	0.3346	0.3363	0.3067	0.3128	0.3184	0.3054	0.3176	0.323	0.291	0.2913	0.3067	0.3056	0.3059	0.3097	0.2671	0.2786	0.2816	0.2943	0.2987	0.2874	0.2716	0.2785	0.2615	0.2732	0.2735	0.2793	0.2505	0.2571	0.2459	0.2478	0.2462	0.2472	0.224	0.2295	0.226	0.2399	0.2419	0.2421	0.2119	0.2097	0.2043	0.2106	0.1997	0.2025	0.1764	0.1841	0.1901	0.1904	0.1868	0.185	0.1603	0.1607	0.1598	0.1613	0.1664	0.1644	0.3022	0.3034	0.3018	0.305	0.2973	0.2975	0.2114	0.2218	0.2232	0.2245	0.2337	0.241	0.2347	0.2341	0.2417	0.2386	0.2354	0.2332	0.2546	0.2731	0.2677	0.2552	0.2602	0.2628	0.2841	0.2943	0.2943	0.2861	0.2821	0.2795	0.3262	0.3382	0.3391	0.3458	0.3384	0.34	0.372	0.3724	0.3649	0.3538	0.3533	0.3512	0.3609
Fq'/Fmc', Fv/Fmc:		0.3725	0.3697	0.3787	0.3772	0.3767	0.3782	0.3411	0.3372	0.3514	0.3617	0.3575	0.3561	0.3579	0.3524	0.3477	0.3623	0.3583	0.3592	0.3551	0.3601	0.351	0.3595	0.3636	0.3133	0.3259	0.335	0.3294	0.3346	0.3363	0.3067	0.3128	0.3184	0.3054	0.3176	0.323	0.291	0.2913	0.3067	0.3056	0.3059	0.3097	0.2671	0.2786	0.2816	0.2943	0.2987	0.2874	0.2716	0.2785	0.2615	0.2732	0.2735	0.2793	0.2505	0.2571	0.2459	0.2478	0.2462	0.2472	0.224	0.2295	0.226	0.2399	0.2419	0.2421	0.2119	0.2097	0.2043	0.2106	0.1997	0.2025	0.1764	0.1841	0.1901	0.1904	0.1868	0.185	0.1603	0.1607	0.1598	0.1613	0.1664	0.1644	0.3022	0.3034	0.3018	0.305	0.2973	0.2975	0.2114	0.2218	0.2232	0.2245	0.2337	0.241	0.2347	0.2341	0.2417	0.2386	0.2354	0.2332	0.2546	0.2731	0.2677	0.2552	0.2602	0.2628	0.2841	0.2943	0.2943	0.2861	0.2821	0.2795	0.3262	0.3382	0.3391	0.3458	0.3384	0.34	0.372	0.3724	0.3649	0.3538	0.3533	0.3512	0.3609
Fv'/Fmc':		0.3661	0.3706	0.3839	0.3786	0.3693	0.3788	0.3875	0.3737	0.3783	0.366	0.3738	0.3785	0.3717	0.3648	0.3653	0.3819	0.3908	0.4018	0.3768	0.3849	0.3744	0.3691	0.3701	0.3842	0.3784	0.3717	0.3552	0.3751	0.3951	0.3772	0.3755	0.3694	0.3574	0.3903	0.3865	0.3714	0.3716	0.4058	0.4029	0.3857	0.3687	0.3592	0.35	0.3475	0.3818	0.3878	0.3586	0.36	0.3688	0.3609	0.3532	0.3537	0.3631	0.383	0.3676	0.3549	0.3373	0.3078	0.3181	0.3344	0.3208	0.3178	0.327	0.3471	0.3407	0.3111	0.2949	0.2984	0.2855	0.2616	0.2758	0.2989	0.28	0.2689	0.2717	0.2676	0.2688	0.2544	0.2433	0.2372	0.2488	0.2454	0.2485	0.2878	0.2637	0.2485	0.2416	0.2449	0.2438	0.2275	0.2327	0.2482	0.2572	0.2666	0.2648	0.2787	0.2827	0.2828	0.2883	0.2673	0.2575	0.2928	0.3241	0.3	0.2724	0.2814	0.2885	0.3026	0.3072	0.3295	0.3098	0.302	0.3158	0.3207	0.3179	0.3108	0.3038	0.3265	0.3384	0.3266	0.3003	0.3098	0.3266	0.3201	0.3195	0.3163
Fq'/Fv':								0.8803	0.9021	0.929	0.9881	0.9565	0.9409	0.963	0.9661	0.9519	0.9489	0.9169	0.8941	0.9424	0.9355	0.9373	0.974	0.9826	0.8154	0.8612	0.9013	0.9274	0.8922	0.8513	0.8132	0.8332	0.8618	0.8547	0.8138	0.8358	0.7836	0.7839	0.7559	0.7583	0.7931	0.8399	0.7434	0.7962	0.8104	0.7708	0.7704	0.8015	0.7546	0.7552	0.7245	0.7737	0.7733	0.7692	0.6541	0.6995	0.6928	0.7347	0.7998	0.7772	0.6698	0.7154	0.7111	0.7335	0.6968	0.7105	0.6812	0.7112	0.6846	0.7375	0.7634	0.7343	0.5904	0.6574	0.7069	0.7009	0.698	0.6883	0.6301	0.6606	0.6737	0.6483	0.678	0.6615							0.9291	0.9531	0.8994	0.873	0.8764	0.9101	0.842	0.8279	0.8547	0.8274	0.8806	0.9056	0.8696	0.8428	0.8925	0.9366	0.9245	0.9109	0.939	0.9578	0.893	0.9236	0.9344	0.8849													
Ekt':								50.18	62.47	87.79		147.5	106.6			132.7	123.9	74.5	57.42	109.9	97.57	100.4			84.02	115.8	168	233.5	152.8	107.3	135.2	153.8	190	179.8	135.7	156.7	169.1	169.4	146.3	148	178.2	239.2	189.8	250.2	272	217.6	217.2	257.9	268.8	269.6	233	296.5	295.8	289.5	225.5	271.4	263.9	317.9	445.8	393.2	305.6	370.6	363.5	402.6	341.8	362.7	404.1	459.1	409.9	517.7	587.8	510.2	355.7	457.3	561.4	546.9	540	518.5	510.4	574.2	605.4	547.4	615.9	576.4							1394	2163	959.8	745.8	768.9	1083	584.9	531	642.6	529.2	797.1	1029	556.1	451.9	687.3	1208	1005	840.1	935.1	1378	515.1	739.9	869.2	476.2													
Ekt:								51.76	62.15	88.41		146.8	107.4			129	126	77.5	61.41	110.2	99.98	100.1			85.94	116.7	166.3	220.8	152.6	112.8	135.7	153.8	186.9	171	141	161.2	167.2	167.5	158	158.8	183	234.8	181.5	233.1	251.7	221.2	224.2	246.2	257.6	264.8	223.9	278.7	278.5	279.8	230	265.6	249.3	285.4	365.4	332.9	272	316.5	307.5	350.5	315.8	329	334.6	360.5	325.6	393.5	409.4	374.6	283	340.9	401.8	395.6	384.7	371	345.7	371.9	382.4	362.5	402.4	381.3							843.9	1340	634.2	510.7	545.7	763.1	434	399.7	483.8	406.2	567.2	705.7	433.5	389.8	548.9	875.9	752.7	645.1	753.2	1127	451.8	610.2	698.7	400.4													
JVPII:								0.2073	0.2049	0.2136	0.2199	0.2173	0.2165	0.2176	0.2142	0.2114	0.2202	0.2178	0.2184	0.2159	0.2189	0.2133	0.2185	0.221	0.5173	0.5381	0.5531	0.5439	0.5525	0.5553	0.8262	0.8426	0.8576	0.8227	0.8556	0.8701	1.164	1.165	1.227	1.223	1.224	1.239	1.474	1.537	1.554	1.624	1.648	1.586	2.01	2.061	1.935	2.022	2.024	2.067	2.413	2.477	2.368	2.387	2.372	2.381	2.747	2.815	2.771	2.942	2.966	2.969	3.281	3.247	3.163	3.26	3.092	3.135	3.403	3.55	3.665	3.672	3.602	3.568	3.834	3.843	3.822	3.857	3.979	3.931							2.036	2.136	2.15	2.163	2.251	2.321	2.26	2.255	2.328	2.298	2.267	2.246	1.884	2.021	1.981	1.888	1.925	1.945	1.567	1.623	1.623	1.579	1.557	1.542	0.1915	0.1986	0.1991	0.2031	0.1987	0.1997							
JPII:								15.37	15.94	16.9	16.96	17.18	17.03	17.85	17.74	17.11	16.77	16.38	16.4	16.55	15.97	16.06	16.34	16.93	37.33	40.7	42.93	43.57	40.5	38.55	58.56	61.82	64.73	64.12	62.09	64.8	84.29	82.6	80.22	82.16	83.12	94.93	112.4	120.7	122.9	114.4	112.8	116.6	143.5	151.4	144.7	158.6	160.9	160.7	163.3	170.1	171.1	186.1	197.7	194.1	197.3	231.4	217.7	222.6	216.8	222.5	256	261	242	264.3	279.9	250.9	240.1	289.2	315	325.1	280.2	295	291.3	304.8	282.3	291.5	317.6	306.5							194.3	213.8	203.7	204.4	205	212.1	195.6	204.7	215.8	198.4	200.2	225	163.4	155.8	171	165.9	167.4	162.8	134.6	138.3	126.5	125.9	132.6	125.9													
NPQ:		0.04159	0.02192	-0.03426	-0.01244	0.02736	-0.01318	-0.04893	0.008179	-0.01129	0.04204	0.008036	-0.01203	0.01698	0.04769	0.04546	-0.02606	-0.06198	-0.1042	-0.005045	-0.03866	0.005163	0.02851	0.02419	-0.03579	-0.01185	0.01691	0.09206	0.002387	-0.0787	-0.006635	0.000739	0.02699	0.08192	-0.06029	-0.04498	0.01841	0.01753	-0.119	-0.1085	-0.04168	0.03001	0.07308	0.1175	0.1296	-0.02586	-0.05007	0.07616	0.06969	0.02956	0.06524	0.102	0.09951	0.05524	-0.03076	0.03495	0.09368	0.1823	0.3528	0.2897	0.1976	0.2739	0.2916	0.2383	0.1317	0.1641	0.3326	0.4385	0.4148	0.5054	0.6979	0.58	0.4115	0.5467	0.636	0.6128	0.6467	0.6367	0.7629	0.8715	0.9343	0.8167	0.8496	0.8195	0.4885	0.6799	0.8193	0.8887	0.8549	0.8658	1.043	0.9839	0.8224	0.7374	0.655	0.6707	0.5572	0.5262	0.5259	0.4851	0.6491	0.7346	0.4532	0.255	0.4038	0.6067	0.5361	0.4839	0.3869	0.3568	0.2241	0.3404	0.3908	0.3033	0.2746	0.2906	0.3342	0.3785	0.2412	0.1761	0.2403	0.4019	0.3407	0.2403	0.2782	0.2813	0.3007
NSV:		1.731	1.699	1.605	1.641	1.708	1.64	1.581	1.676	1.643	1.732	1.675	1.642	1.69	1.741	1.738	1.619	1.559	1.489	1.654	1.598	1.671	1.71	1.702	1.603	1.642	1.69	1.815	1.666	1.531	1.651	1.663	1.707	1.798	1.562	1.587	1.693	1.691	1.464	1.482	1.593	1.712	1.784	1.857	1.878	1.619	1.579	1.789	1.778	1.711	1.771	1.832	1.828	1.754	1.611	1.72	1.818	1.965	2.249	2.144	1.991	2.117	2.147	2.058	1.881	1.935	2.215	2.391	2.352	2.502	2.822	2.626	2.346	2.571	2.719	2.681	2.737	2.72	2.93	3.111	3.215	3.02	3.074	3.024	2.474	2.792	3.024	3.139	3.083	3.101	3.396	3.297	3.029	2.888	2.751	2.777	2.588	2.537	2.536	2.468	2.741	2.883	2.415	2.086	2.333	2.671	2.553	2.466	2.305	2.255	2.035	2.228	2.312	2.166	2.119	2.145	2.218	2.291	2.063	1.955	2.061	2.33	2.228	2.062	2.125	2.13	2.162

	E	0	0	0	0	0	0	13	13	13	13	13	13	13	13	13	13	13	13	13	13	13	13	13	36	36	36	36	36	36	58	58	58	58	58	58	86	86	86	86	86	86	119	119	119	119	119	119	159	159	159	159	159	159	207	207	207	207	207	207	264	264	264	264	264	264	333	333	333	333	333	333	415	415	415	415	415	415	514	514	514	514	514	514	0	0	0	0	0	0	207	207	207	207	207	207	207	207	207	207	207	207	159	159	159	159	159	159	119	119	119	119	119	119	13	13	13	13	13	13	0	0	0	0	0	0	0
	µs	Gaq 1	Gaq 2	Gaq 3	Gaq 4	Gaq 5	Gaq 6	Gaq 7	Gaq 8	Gaq 9	Gaq 10	Gaq 11	Gaq 12	Gaq 13	Gaq 14	Gaq 15	Gaq 16	Gaq 17	Gaq 18	Gaq 19	Gaq 20	Gaq 21	Gaq 22	Gaq 23	Gaq 24	Gaq 25	Gaq 26	Gaq 27	Gaq 28	Gaq 29	Gaq 30	Gaq 31	Gaq 32	Gaq 33	Gaq 34	Gaq 35	Gaq 36	Gaq 37	Gaq 38	Gaq 39	Gaq 40	Gaq 41	Gaq 42	Gaq 43	Gaq 44	Gaq 45	Gaq 46	Gaq 47	Gaq 48	Gaq 49	Gaq 50	Gaq 51	Gaq 52	Gaq 53	Gaq 54	Gaq 55	Gaq 56	Gaq 57	Gaq 58	Gaq 59	Gaq 60	Gaq 61	Gaq 62	Gaq 63	Gaq 64	Gaq 65	Gaq 66	Gaq 67	Gaq 68	Gaq 69	Gaq 70	Gaq 71	Gaq 72	Gaq 73	Gaq 74	Gaq 75	Gaq 76	Gaq 77	Gaq 78	Gaq 79	Gaq 80	Gaq 81	Gaq 82	Gaq 83	Gaq 84	Gaq 85	Gaq 86	Gaq 87	Gaq 88	Gaq 89	Gaq 90	Gaq 91	Gaq 92	Gaq 93	Gaq 94	Gaq 95	Gaq 96	Gaq 97	Gaq 98	Gaq 99	Gaq 100	Gaq 101	Gaq 102	Gaq 103	Gaq 104	Gaq 105	Gaq 106	Gaq 107	Gaq 108	Gaq 109	Gaq 110	Gaq 111	Gaq 112	Gaq 113	Gaq 114	Gaq 115	Gaq 116	Gaq 117	Gaq 118	Gaq 119	Gaq 120	Gaq 121	Gaq 122	Gaq 123	Gaq 124	Gaq 125	Gaq 126
	1	1.5	1.514	1.595	1.559	1.507	1.558	1.706	1.621	1.66	1.55	1.585	1.607	1.563	1.541	1.55	1.65	1.687	1.779	1.605	1.66	1.594	1.551	1.57	1.751	1.698	1.641	1.531	1.661	1.802	1.726	1.69	1.659	1.583	1.804	1.762	1.725	1.701	1.957	1.931	1.8	1.677	1.677	1.588	1.562	1.8	1.818	1.626	1.689	1.733	1.688	1.633	1.635	1.7	1.913	1.787	1.693	1.571	1.374	1.441	1.591	1.498	1.48	1.513	1.659	1.616	1.459	1.366	1.381	1.303	1.164	1.25	1.426	1.304	1.222	1.245	1.217	1.221	1.169	1.099	1.062	1.135	1.115	1.136	1.167	1.037	0.947	0.9119	0.9316	0.9326	0.9568	0.9654	1.057	1.104	1.148	1.126	1.211	1.244	1.235	1.27	1.147	1.107	1.265	1.434	1.294	1.141	1.198	1.225	1.282	1.287	1.436	1.306	1.274	1.353	1.3	1.264	1.233	1.2	1.331	1.393	1.265	1.121	1.176	1.283	1.26	1.263	1.228
	2	1.557	1.579	1.663	1.623	1.573	1.633	1.785	1.682	1.724	1.604	1.657	1.673	1.626	1.594	1.599	1.707	1.759	1.847	1.675	1.723	1.658	1.619	1.621	1.816	1.749	1.691	1.588	1.72	1.856	1.792	1.755	1.717	1.639	1.859	1.821	1.784	1.765	2.015	1.991	1.864	1.731	1.727	1.639	1.618	1.852	1.885	1.688	1.741	1.779	1.757	1.685	1.678	1.755	1.963	1.828	1.743	1.615	1.404	1.48	1.626	1.535	1.511	1.559	1.7	1.651	1.501	1.398	1.421	1.328	1.193	1.277	1.459	1.326	1.254	1.272	1.242	1.259	1.196	1.127	1.092	1.153	1.131	1.151	1.199	1.055	0.9717	0.9405	0.9651	0.9649	0.9792	0.9897	1.084	1.125	1.175	1.154	1.242	1.268	1.259	1.301	1.174	1.12	1.304	1.478	1.328	1.174	1.223	1.261	1.312	1.335	1.481	1.347	1.306	1.398	1.35	1.315	1.281	1.24	1.383	1.438	1.315	1.169	1.232	1.341	1.313	1.311	1.272
	3	1.608	1.636	1.713	1.679	1.63	1.683	1.836	1.739	1.776	1.652	1.701	1.724	1.68	1.659	1.654	1.763	1.82	1.914	1.724	1.772	1.713	1.666	1.675	1.882	1.802	1.752	1.625	1.771	1.915	1.849	1.811	1.764	1.683	1.916	1.875	1.825	1.818	2.061	2.035	1.902	1.773	1.774	1.681	1.665	1.893	1.943	1.724	1.777	1.828	1.794	1.719	1.727	1.796	2.013	1.871	1.783	1.642	1.446	1.511	1.667	1.572	1.542	1.594	1.739	1.68	1.527	1.414	1.436	1.355	1.212	1.292	1.49	1.35	1.269	1.286	1.258	1.281	1.206	1.134	1.103	1.174	1.146	1.161	1.22	1.081	0.9935	0.9672	0.9885	0.9917	0.994	1.008	1.096	1.155	1.197	1.168	1.271	1.288	1.29	1.333	1.206	1.148	1.332	1.509	1.353	1.204	1.247	1.286	1.352	1.354	1.52	1.382	1.343	1.435	1.389	1.364	1.318	1.283	1.412	1.481	1.356	1.204	1.268	1.384	1.34	1.345	1.317
	4	1.66	1.694	1.777	1.729	1.68	1.735	1.892	1.783	1.829	1.692	1.749	1.781	1.741	1.698	1.709	1.808	1.887	1.966	1.775	1.821	1.76	1.707	1.722	1.919	1.85	1.795	1.673	1.808	1.968	1.893	1.846	1.799	1.719	1.965	1.93	1.858	1.847	2.109	2.084	1.934	1.83	1.812	1.713	1.691	1.934	1.971	1.768	1.813	1.866	1.825	1.759	1.767	1.835	2.044	1.902	1.816	1.678	1.468	1.536	1.691	1.59	1.569	1.627	1.758	1.716	1.553	1.436	1.461	1.37	1.231	1.31	1.504	1.362	1.291	1.306	1.272	1.282	1.223	1.15	1.112	1.186	1.158	1.184	1.248	1.105	1.02	0.9896	1.012	1.004	1.006	1.032	1.117	1.171	1.217	1.196	1.291	1.321	1.313	1.352	1.215	1.168	1.352	1.531	1.386	1.218	1.269	1.313	1.38	1.388	1.545	1.415	1.367	1.471	1.418	1.389	1.345	1.31	1.433	1.524	1.395	1.235	1.305	1.424	1.382	1.386	1.351
	5	1.717	1.745	1.826	1.784	1.725	1.786	1.929	1.825	1.872	1.741	1.793	1.836	1.783	1.741	1.743	1.863	1.931	2.021	1.829	1.88	1.803	1.757	1.768	1.965	1.903	1.837	1.714	1.85	2.018	1.92	1.89	1.855	1.761	2.013	1.973	1.911	1.887	2.164	2.137	1.98	1.857	1.84	1.755	1.731	1.972	2.017	1.792	1.847	1.915	1.864	1.787	1.8	1.863	2.078	1.93	1.849	1.706	1.5	1.56	1.716	1.621	1.593	1.64	1.796	1.744	1.561	1.449	1.48	1.385	1.245	1.331	1.524	1.388	1.298	1.318	1.285	1.311	1.229	1.162	1.12	1.199	1.175	1.194	1.272	1.123	1.045	1	1.038	1.02	1.018	1.046	1.128	1.188	1.235	1.202	1.306	1.345	1.339	1.37	1.237	1.185	1.376	1.559	1.408	1.248	1.297	1.335	1.407	1.412	1.57	1.444	1.394	1.488	1.452	1.424	1.383	1.339	1.476	1.559	1.424	1.281	1.334	1.457	1.418	1.427	1.393
	6	1.761	1.79	1.875	1.833	1.776	1.844	1.973	1.876	1.91	1.788	1.845	1.88	1.817	1.795	1.788	1.909	1.99	2.069	1.867	1.924	1.848	1.807	1.812	2.006	1.942	1.873	1.752	1.894	2.058	1.963	1.913	1.883	1.796	2.045	2.011	1.941	1.924	2.204	2.171	2.027	1.902	1.87	1.787	1.772	2.021	2.069	1.823	1.878	1.942	1.888	1.82	1.832	1.909	2.108	1.961	1.87	1.731	1.507	1.578	1.74	1.642	1.608	1.667	1.815	1.769	1.583	1.474	1.5	1.401	1.258	1.34	1.526	1.398	1.305	1.33	1.305	1.31	1.249	1.174	1.132	1.205	1.178	1.207	1.297	1.15	1.064	1.029	1.049	1.046	1.03	1.055	1.136	1.203	1.245	1.227	1.328	1.35	1.351	1.386	1.252	1.204	1.392	1.595	1.428	1.26	1.316	1.356	1.417	1.435	1.594	1.468	1.42	1.517	1.484	1.454	1.411	1.373	1.507	1.592	1.465	1.303	1.372	1.492	1.46	1.459	1.427
	7	1.813	1.827	1.928	1.876	1.832	1.898	2.027	1.922	1.946	1.833	1.887	1.918	1.875	1.833	1.82	1.954	2.025	2.112	1.914	1.972	1.894	1.842	1.86	2.048	1.979	1.921	1.792	1.934	2.099	1.999	1.967	1.911	1.834	2.098	2.056	1.975	1.962	2.246	2.213	2.055	1.927	1.915	1.818	1.795	2.058	2.099	1.867	1.906	1.968	1.919	1.845	1.862	1.935	2.147	1.989	1.902	1.758	1.533	1.611	1.767	1.66	1.632	1.691	1.845	1.788	1.6	1.487	1.511	1.416	1.272	1.355	1.546	1.404	1.316	1.339	1.315	1.327	1.258	1.176	1.136	1.203	1.194	1.21	1.317	1.163	1.068	1.045	1.066	1.059	1.036	1.064	1.154	1.208	1.261	1.238	1.347	1.374	1.364	1.409	1.268	1.215	1.41	1.617	1.453	1.28	1.331	1.376	1.448	1.467	1.624	1.494	1.447	1.539	1.509	1.486	1.445	1.4	1.538	1.625	1.504	1.336	1.405	1.531	1.484	1.486	1.459
	8	1.852	1.875	1.976	1.931	1.873	1.937	2.051	1.949	1.988	1.85	1.926	1.96	1.915	1.873	1.869	2	2.066	2.165	1.954	2.006	1.928	1.876	1.891	2.081	2.015	1.954	1.819	1.969	2.13	2.024	1.999	1.955	1.864	2.134	2.107	2.003	1.995	2.276	2.264	2.105	1.967	1.94	1.843	1.831	2.083	2.131	1.903	1.935	2.002	1.961	1.886	1.891	1.973	2.174	2.026	1.923	1.786	1.557	1.628	1.783	1.673	1.645	1.703	1.863	1.812	1.617	1.498	1.531	1.425	1.275	1.359	1.554	1.419	1.334	1.349	1.323	1.336	1.261	1.178	1.145	1.215	1.199	1.22	1.334	1.179	1.088	1.051	1.086	1.078	1.047	1.076	1.173	1.225	1.28	1.263	1.354	1.385	1.382	1.424	1.285	1.227	1.436	1.635	1.472	1.297	1.347	1.394	1.471	1.498	1.657	1.503	1.459	1.568	1.528	1.513	1.467	1.43	1.571	1.643	1.532	1.368	1.443	1.578	1.532	1.523	1.498
	9	1.891	1.914	2.012	1.983	1.912	1.982	2.101	1.99	2.024	1.893	1.965	2.002	1.947	1.906	1.904	2.048	2.108	2.224	1.992	2.048	1.966	1.923	1.925	2.126	2.055	1.989	1.855	2.015	2.174	2.073	2.032	1.99	1.892	2.174	2.132	2.033	2.025	2.313	2.295	2.139	1.995	1.974	1.872	1.846	2.112	2.167	1.919	1.96	2.023	1.973	1.913	1.907	1.984	2.19	2.043	1.947	1.798	1.572	1.642	1.798	1.703	1.671	1.717	1.887	1.831	1.642	1.512	1.541	1.446	1.284	1.376	1.565	1.432	1.344	1.359	1.335	1.344	1.27	1.193	1.152	1.221	1.199	1.23	1.342	1.2	1.106	1.083	1.098	1.095	1.056	1.088	1.183	1.239	1.292	1.278	1.364	1.402	1.405	1.441	1.302	1.24	1.451	1.655	1.491	1.306	1.359	1.406	1.499	1.515	1.672	1.533	1.487	1.593	1.561	1.548	1.5	1.446	1.6	1.68	1.572	1.394	1.47	1.594	1.555	1.55	1.516
	10	1.931	1.953	2.055	2.017	1.966	2.021	2.136	2.023	2.064	1.935	1.999	2.048	1.985	1.938	1.943	2.075	2.157	2.256	2.03	2.09	2.013	1.949	1.964	2.149	2.086	2.015	1.892	2.034	2.217	2.099	2.063	2.019	1.917	2.207	2.173	2.065	2.048	2.344	2.33	2.167	2.021	1.986	1.896	1.867	2.151	2.194	1.944	1.971	2.047	2.001	1.934	1.938	2.02	2.23	2.063	1.963	1.822	1.592	1.668	1.825	1.709	1.687	1.742	1.908	1.85	1.648	1.532	1.547	1.458	1.303	1.392	1.577	1.435	1.359	1.382	1.347	1.366	1.275	1.198	1.153	1.233	1.209	1.231	1.369	1.208	1.132	1.089	1.121	1.113	1.065	1.098	1.192	1.255	1.309	1.289	1.384	1.425	1.428	1.459	1.31	1.258	1.463	1.683	1.506	1.329	1.371	1.424	1.511	1.54	1.7	1.548	1.501	1.612	1.584	1.575	1.518	1.475	1.627	1.709	1.604	1.43	1.502	1.63	1.589	1.579	1.543
	11	1.968	1.991	2.11	2.069	1.999	2.059	2.177	2.066	2.103	1.961	2.045	2.086	2.031	1.965	1.976	2.108	2.182	2.305	2.072	2.13	2.038	1.981	1.998	2.18	2.119	2.05	1.924	2.067	2.245	2.112	2.093	2.041	1.951	2.242	2.198	2.106	2.082	2.387	2.364	2.177	2.058	2.018	1.912	1.894	2.173	2.231	1.978	2.008	2.084	2.029	1.962	1.974	2.045	2.242	2.101	1.982	1.844	1.612	1.688	1.835	1.733	1.703	1.761	1.929	1.878	1.665	1.542	1.573	1.464	1.313	1.406	1.58	1.449	1.366	1.386	1.347	1.371	1.283	1.206	1.161	1.24	1.217	1.239	1.386	1.231	1.143	1.099	1.128	1.133	1.073	1.105	1.203	1.257	1.318	1.299	1.397	1.436	1.441	1.473	1.323	1.26	1.484	1.693	1.53	1.34	1.397	1.444	1.532	1.553	1.726	1.564	1.528	1.624	1.614	1.585	1.549	1.502	1.645	1.738	1.633	1.46	1.524	1.654	1.621	1.616	1.585
	12	2.002	2.037	2.143	2.094	2.031	2.109	2.215	2.089	2.123	1.996	2.07	2.122	2.067	2.018	2.004	2.148	2.227	2.344	2.101	2.16	2.072	2.015	2.034	2.211	2.159	2.089	1.945	2.107	2.29	2.148	2.131	2.076	1.981	2.274	2.229	2.11	2.098	2.422	2.394	2.222	2.078	2.039	1.946	1.921	2.205	2.253	1.998	2.03	2.103	2.052	1.98	1.981	2.068	2.264	2.11	2.016	1.862	1.624	1.698	1.847	1.752	1.721	1.772	1.938	1.891	1.68	1.552	1.582	1.483	1.317	1.406	1.603	1.462	1.38	1.39	1.352	1.379	1.288	1.214	1.167	1.253	1.229	1.25	1.411	1.247	1.163	1.114	1.149	1.137	1.079	1.113	1.218	1.279	1.328	1.302	1.41	1.449	1.447	1.488	1.336	1.276	1.498	1.707	1.543	1.349	1.411	1.458	1.545	1.576	1.743	1.595	1.548	1.645	1.642	1.614	1.573	1.522	1.671	1.758	1.665	1.482	1.547	1.685	1.654	1.634	1.613
	13	2.036	2.065	2.175	2.128	2.063	2.132	2.238	2.13	2.157	2.034	2.113	2.149	2.099	2.054	2.041	2.184	2.257	2.365	2.135	2.192	2.105	2.042	2.057	2.249	2.182	2.102	1.976	2.133	2.312	2.18	2.153	2.105	1.997	2.295	2.268	2.141	2.116	2.443	2.428	2.247	2.108	2.058	1.968	1.939	2.231	2.268	2.029	2.055	2.132	2.064	1.998	2.016	2.09	2.292	2.131	2.027	1.877	1.639	1.717	1.865	1.769	1.733	1.794	1.961	1.909	1.689	1.562	1.598	1.487	1.324	1.426	1.615	1.476	1.386	1.407	1.369	1.388	1.294	1.222	1.169	1.255	1.235	1.249	1.416	1.263	1.168	1.135	1.156	1.162	1.083	1.116	1.224	1.29	1.341	1.326	1.408	1.461	1.456	1.501	1.345	1.286	1.516	1.734	1.555	1.365	1.428	1.472	1.568	1.587	1.757	1.605	1.557	1.664	1.665	1.641	1.589	1.543	1.701	1.785	1.686	1.509	1.585	1.716	1.685	1.65	1.632
	14	2.065	2.102	2.209	2.158	2.098	2.173	2.268	2.154	2.195	2.058	2.14	2.177	2.13	2.062	2.061	2.205	2.287	2.409	2.164	2.207	2.129	2.068	2.078	2.273	2.206	2.137	1.994	2.161	2.341	2.208	2.187	2.123	2.034	2.322	2.285	2.159	2.141	2.464	2.448	2.265	2.128	2.078	1.992	1.954	2.251	2.305	2.047	2.071	2.157	2.086	2.026	2.03	2.119	2.306	2.157	2.046	1.898	1.641	1.74	1.879	1.774	1.745	1.811	1.973	1.919	1.695	1.586	1.601	1.495	1.336	1.432	1.612	1.477	1.395	1.42	1.383	1.388	1.294	1.225	1.18	1.266	1.241	1.251	1.439	1.273	1.179	1.145	1.172	1.167	1.104	1.132	1.232	1.295	1.344	1.335	1.426	1.468	1.466	1.504	1.353	1.298	1.524	1.748	1.578	1.377	1.441	1.481	1.582	1.612	1.781	1.618	1.576	1.683	1.677	1.662	1.609	1.569	1.722	1.8	1.712	1.525	1.6	1.741	1.693	1.673	1.661
	15	2.091	2.142	2.239	2.202	2.12	2.182	2.289	2.177	2.218	2.076	2.163	2.208	2.151	2.093	2.092	2.224	2.324	2.434	2.185	2.246	2.156	2.097	2.119	2.286	2.235	2.162	2.01	2.183	2.365	2.233	2.206	2.149	2.048	2.349	2.316	2.181	2.166	2.487	2.468	2.296	2.153	2.094	2.001	1.979	2.268	2.323	2.055	2.086	2.17	2.107	2.035	2.042	2.12	2.319	2.165	2.063	1.906	1.66	1.747	1.895	1.787	1.755	1.822	1.986	1.93	1.711	1.582	1.613	1.512	1.351	1.44	1.624	1.487	1.402	1.429	1.385	1.403	1.313	1.233	1.188	1.261	1.24	1.265	1.455	1.288	1.191	1.158	1.175	1.184	1.095	1.136	1.243	1.301	1.367	1.342	1.445	1.48	1.479	1.519	1.357	1.306	1.541	1.767	1.591	1.387	1.451	1.49	1.592	1.633	1.803	1.639	1.583	1.703	1.697	1.682	1.631	1.591	1.74	1.837	1.733	1.548	1.623	1.765	1.705	1.697	1.686
	16	2.123	2.148	2.281	2.219	2.148	2.238	2.322	2.201	2.236	2.101	2.189	2.245	2.179	2.122	2.116	2.26	2.361	2.465	2.207	2.274	2.191	2.131	2.136	2.317	2.25	2.181	2.033	2.207	2.389	2.238	2.227	2.167	2.064	2.376	2.334	2.212	2.185	2.526	2.49	2.318	2.177	2.105	2.027	1.991	2.289	2.348	2.074	2.107	2.194	2.135	2.052	2.051	2.144	2.351	2.183	2.078	1.918	1.679	1.762	1.9	1.796	1.761	1.838	2.001	1.944	1.72	1.595	1.614	1.516	1.362	1.441	1.633	1.488	1.406	1.434	1.396	1.4	1.314	1.24	1.187	1.264	1.245	1.268	1.471	1.298	1.205	1.172	1.2	1.192	1.109	1.149	1.246	1.316	1.369	1.351	1.458	1.491	1.485	1.526	1.374	1.318	1.551	1.783	1.595	1.394	1.455	1.512	1.61	1.641	1.819	1.646	1.604	1.717	1.712	1.697	1.652	1.598	1.764	1.859	1.753	1.569	1.647	1.787	1.737	1.723	1.705
	17	2.141	2.182	2.302	2.239	2.174	2.256	2.343	2.21	2.264	2.127	2.207	2.26	2.192	2.135	2.14	2.289	2.381	2.491	2.231	2.307	2.21	2.157	2.162	2.33	2.261	2.212	2.055	2.22	2.417	2.26	2.245	2.199	2.089	2.391	2.353	2.215	2.209	2.542	2.524	2.34	2.192	2.126	2.031	2.01	2.3	2.371	2.086	2.127	2.204	2.138	2.069	2.07	2.158	2.348	2.2	2.087	1.94	1.682	1.77	1.918	1.818	1.778	1.851	2.017	1.962	1.728	1.596	1.624	1.528	1.366	1.454	1.637	1.5	1.414	1.442	1.397	1.419	1.318	1.249	1.194	1.278	1.251	1.272	1.481	1.307	1.221	1.184	1.205	1.197	1.114	1.148	1.257	1.318	1.386	1.358	1.467	1.5	1.506	1.531	1.374	1.327	1.559	1.795	1.61	1.41	1.466	1.523	1.622	1.658	1.826	1.674	1.61	1.729	1.728	1.715	1.659	1.613	1.778	1.873	1.775	1.584	1.667	1.8	1.758	1.75	1.714
	18	2.179	2.202	2.324	2.274	2.204	2.282	2.368	2.242	2.289	2.142	2.228	2.283	2.238	2.156	2.148	2.306	2.408	2.53	2.25	2.323	2.227	2.168	2.18	2.343	2.295	2.229	2.068	2.239	2.431	2.277	2.261	2.212	2.101	2.415	2.376	2.242	2.231	2.564	2.545	2.374	2.201	2.135	2.045	2.03	2.326	2.39	2.114	2.136	2.219	2.157	2.074	2.088	2.167	2.374	2.206	2.097	1.947	1.698	1.775	1.928	1.819	1.792	1.857	2.033	1.979	1.738	1.614	1.633	1.538	1.369	1.457	1.654	1.504	1.424	1.444	1.4	1.427	1.321	1.241	1.203	1.283	1.26	1.283	1.492	1.32	1.222	1.187	1.213	1.205	1.129	1.155	1.267	1.325	1.391	1.375	1.481	1.51	1.519	1.55	1.388	1.332	1.58	1.795	1.618	1.421	1.482	1.532	1.645	1.672	1.847	1.685	1.626	1.737	1.745	1.736	1.685	1.637	1.792	1.893	1.802	1.611	1.679	1.824	1.779	1.769	1.737
	19	2.196	2.225	2.362	2.303	2.223	2.299	2.386	2.256	2.314	2.158	2.25	2.303	2.235	2.177	2.178	2.335	2.421	2.548	2.279	2.345	2.249	2.189	2.2	2.377	2.308	2.245	2.078	2.252	2.457	2.293	2.282	2.217	2.117	2.421	2.397	2.257	2.246	2.588	2.567	2.369	2.231	2.156	2.063	2.031	2.343	2.409	2.126	2.14	2.221	2.172	2.113	2.103	2.189	2.393	2.213	2.113	1.955	1.702	1.79	1.937	1.822	1.793	1.867	2.042	1.99	1.749	1.613	1.65	1.545	1.372	1.463	1.658	1.518	1.424	1.451	1.41	1.426	1.326	1.249	1.203	1.293	1.267	1.286	1.505	1.335	1.231	1.196	1.225	1.214	1.125	1.168	1.266	1.328	1.399	1.378	1.48	1.518	1.516	1.549	1.39	1.342	1.586	1.819	1.642	1.428	1.487	1.542	1.644	1.673	1.848	1.689	1.642	1.754	1.77	1.746	1.693	1.649	1.807	1.894	1.812	1.619	1.692	1.838	1.791	1.794	1.752
	20	2.216	2.247	2.374	2.318	2.239	2.326	2.407	2.275	2.33	2.177	2.27	2.329	2.271	2.196	2.192	2.354	2.459	2.584	2.299	2.372	2.27	2.204	2.228	2.388	2.325	2.258	2.104	2.282	2.478	2.309	2.293	2.231	2.134	2.443	2.417	2.264	2.255	2.6	2.574	2.385	2.237	2.168	2.079	2.05	2.366	2.419	2.139	2.161	2.25	2.184	2.107	2.107	2.211	2.411	2.24	2.125	1.962	1.712	1.803	1.949	1.842	1.81	1.883	2.056	2.003	1.76	1.625	1.652	1.555	1.377	1.472	1.663	1.521	1.44	1.462	1.425	1.432	1.328	1.257	1.205	1.285	1.264	1.287	1.515	1.339	1.246	1.212	1.23	1.223	1.13	1.171	1.274	1.342	1.404	1.381	1.493	1.525	1.533	1.569	1.411	1.346	1.593	1.824	1.642	1.435	1.494	1.553	1.655	1.69	1.859	1.708	1.66	1.768	1.784	1.76	1.716	1.661	1.822	1.925	1.832	1.641	1.715	1.853	1.806	1.786	1.773
	21	2.23	2.269	2.391	2.343	2.255	2.344	2.432	2.295	2.336	2.201	2.288	2.344	2.278	2.227	2.213	2.366	2.459	2.587	2.319	2.395	2.288	2.227	2.233	2.4	2.349	2.274	2.124	2.289	2.493	2.32	2.305	2.258	2.143	2.465	2.437	2.281	2.275	2.625	2.593	2.394	2.259	2.178	2.082	2.068	2.376	2.427	2.152	2.171	2.267	2.196	2.118	2.125	2.217	2.414	2.249	2.141	1.976	1.727	1.817	1.959	1.84	1.817	1.89	2.065	2.017	1.765	1.627	1.663	1.562	1.386	1.488	1.661	1.521	1.444	1.458	1.424	1.44	1.335	1.258	1.211	1.29	1.27	1.289	1.52	1.342	1.249	1.212	1.242	1.237	1.142	1.174	1.284	1.349	1.409	1.394	1.495	1.536	1.544	1.574	1.407	1.363	1.607	1.839	1.656	1.443	1.498	1.559	1.668	1.7	1.879	1.721	1.665	1.776	1.797	1.778	1.727	1.677	1.841	1.933	1.847	1.648	1.717	1.87	1.811	1.811	1.785
	22	2.251	2.281	2.411	2.352	2.285	2.369	2.446	2.314	2.363	2.212	2.306	2.36	2.307	2.228	2.224	2.371	2.466	2.601	2.332	2.407	2.301	2.228	2.255	2.411	2.368	2.276	2.125	2.313	2.527	2.34	2.32	2.267	2.156	2.482	2.442	2.299	2.286	2.638	2.606	2.419	2.278	2.203	2.098	2.073	2.394	2.443	2.159	2.186	2.273	2.209	2.136	2.146	2.229	2.426	2.261	2.15	1.987	1.736	1.813	1.957	1.861	1.82	1.894	2.072	2.022	1.77	1.637	1.671	1.558	1.389	1.492	1.671	1.529	1.447	1.476	1.425	1.439	1.332	1.262	1.217	1.295	1.272	1.296	1.535	1.359	1.256	1.213	1.253	1.244	1.134	1.18	1.292	1.354	1.418	1.4	1.502	1.536	1.55	1.578	1.425	1.36	1.608	1.849	1.665	1.447	1.516	1.565	1.683	1.717	1.888	1.716	1.673	1.785	1.814	1.797	1.74	1.689	1.856	1.952	1.862	1.668	1.739	1.889	1.825	1.825	1.802
	23	2.269	2.298	2.433	2.368	2.291	2.381	2.459	2.328	2.37	2.233	2.318	2.371	2.306	2.247	2.242	2.392	2.491	2.622	2.348	2.419	2.311	2.244	2.262	2.423	2.381	2.298	2.135	2.316	2.525	2.352	2.335	2.276	2.176	2.503	2.45	2.307	2.304	2.656	2.627	2.433	2.279	2.206	2.107	2.083	2.407	2.472	2.173	2.195	2.273	2.215	2.139	2.155	2.244	2.433	2.265	2.15	1.998	1.741	1.828	1.97	1.859	1.83	1.903	2.08	2.029	1.78	1.647	1.669	1.56	1.397	1.497	1.68	1.531	1.449	1.472	1.441	1.445	1.347	1.265	1.218	1.298	1.283	1.306	1.54	1.373	1.265	1.225	1.264	1.252	1.146	1.189	1.295	1.354	1.427	1.409	1.509	1.55	1.551	1.582	1.427	1.36	1.613	1.856	1.668	1.457	1.522	1.576	1.69	1.718	1.905	1.728	1.68	1.796	1.818	1.802	1.749	1.689	1.866	1.972	1.876	1.685	1.752	1.91	1.84	1.831	1.809
	24	2.272	2.324	2.448	2.386	2.318	2.395	2.476	2.349	2.394	2.236	2.335	2.387	2.319	2.26	2.259	2.409	2.516	2.631	2.376	2.423	2.336	2.278	2.279	2.436	2.389	2.313	2.152	2.338	2.544	2.369	2.343	2.296	2.182	2.515	2.468	2.306	2.315	2.662	2.634	2.435	2.291	2.221	2.132	2.089	2.416	2.478	2.188	2.19	2.287	2.23	2.162	2.156	2.246	2.436	2.281	2.17	2.006	1.754	1.84	1.985	1.873	1.834	1.909	2.09	2.033	1.793	1.65	1.676	1.581	1.41	1.499	1.686	1.538	1.447	1.475	1.436	1.453	1.345	1.261	1.223	1.295	1.286	1.302	1.551	1.37	1.287	1.235	1.268	1.255	1.154	1.198	1.294	1.368	1.423	1.41	1.519	1.556	1.559	1.596	1.426	1.377	1.618	1.872	1.681	1.458	1.517	1.579	1.705	1.73	1.924	1.75	1.69	1.81	1.823	1.806	1.75	1.704	1.88	1.984	1.889	1.686	1.754	1.916	1.858	1.836	1.812
	25	2.29	2.333	2.467	2.393	2.322	2.412	2.492	2.358	2.403	2.246	2.353	2.405	2.343	2.269	2.269	2.426	2.529	2.655	2.383	2.444	2.347	2.293	2.288	2.454	2.389	2.323	2.17	2.359	2.551	2.377	2.358	2.308	2.191	2.521	2.483	2.331	2.322	2.678	2.657	2.465	2.307	2.217	2.138	2.101	2.431	2.488	2.197	2.211	2.303	2.232	2.167	2.171	2.253	2.46	2.299	2.173	2.012	1.766	1.843	1.988	1.883	1.84	1.919	2.101	2.036	1.792	1.659	1.686	1.58	1.401	1.505	1.688	1.544	1.462	1.482	1.444	1.46	1.357	1.27	1.227	1.307	1.288	1.314	1.567	1.385	1.288	1.251	1.268	1.265	1.155	1.196	1.295	1.369	1.433	1.418	1.528	1.554	1.564	1.596	1.439	1.375	1.629	1.876	1.687	1.471	1.54	1.59	1.702	1.738	1.925	1.753	1.699	1.813	1.833	1.822	1.768	1.714	1.897	1.995	1.905	1.701	1.769	1.919	1.87	1.854	1.826
	26	2.306	2.335	2.474	2.413	2.328	2.419	2.492	2.367	2.407	2.267	2.374	2.421	2.348	2.274	2.272	2.437	2.529	2.671	2.378	2.455	2.354	2.307	2.3	2.464	2.397	2.338	2.17	2.369	2.574	2.384	2.374	2.317	2.207	2.528	2.491	2.331	2.326	2.684	2.662	2.483	2.312	2.22	2.137	2.109	2.438	2.485	2.193	2.224	2.323	2.244	2.157	2.184	2.266	2.466	2.302	2.183	2.026	1.768	1.852	1.986	1.884	1.854	1.931	2.113	2.043	1.796	1.66	1.691	1.592	1.41	1.503	1.685	1.552	1.465	1.499	1.447	1.467	1.359	1.277	1.229	1.305	1.284	1.303	1.57	1.387	1.297	1.244	1.27	1.262	1.157	1.2	1.314	1.368	1.436	1.418	1.524	1.566	1.558	1.606	1.445	1.378	1.635	1.885	1.697	1.474	1.543	1.602	1.713	1.746	1.94	1.753	1.695	1.82	1.854	1.827	1.782	1.727	1.896	2.01	1.909	1.7	1.783	1.926	1.866	1.865	1.84
	27	2.315	2.353	2.48	2.426	2.345	2.438	2.506	2.374	2.427	2.279	2.371	2.418	2.361	2.295	2.289	2.439	2.539	2.688	2.407	2.47	2.372	2.308	2.329	2.474	2.42	2.349	2.18	2.373	2.568	2.392	2.391	2.317	2.216	2.529	2.502	2.352	2.348	2.699	2.665	2.484	2.316	2.236	2.147	2.121	2.445	2.501	2.22	2.224	2.332	2.247	2.178	2.185	2.276	2.477	2.312	2.197	2.034	1.774	1.856	1.991	1.89	1.865	1.927	2.106	2.064	1.806	1.659	1.689	1.591	1.414	1.508	1.696	1.561	1.469	1.487	1.445	1.464	1.357	1.27	1.23	1.311	1.285	1.323	1.569	1.397	1.294	1.251	1.271	1.278	1.167	1.204	1.312	1.377	1.44	1.422	1.537	1.562	1.57	1.614	1.447	1.384	1.64	1.898	1.699	1.476	1.554	1.593	1.717	1.751	1.942	1.767	1.704	1.819	1.858	1.834	1.787	1.729	1.906	2.01	1.915	1.715	1.784	1.936	1.879	1.867	1.847
	28	2.314	2.359	2.5	2.423	2.354	2.442	2.527	2.385	2.423	2.287	2.398	2.449	2.378	2.305	2.308	2.459	2.565	2.689	2.417	2.486	2.386	2.313	2.324	2.485	2.424	2.358	2.194	2.367	2.583	2.408	2.403	2.318	2.224	2.551	2.511	2.35	2.349	2.715	2.679	2.48	2.327	2.254	2.153	2.129	2.466	2.525	2.23	2.235	2.329	2.265	2.192	2.202	2.295	2.48	2.309	2.189	2.037	1.782	1.861	1.999	1.893	1.863	1.941	2.129	2.057	1.803	1.675	1.693	1.597	1.421	1.518	1.698	1.557	1.474	1.497	1.457	1.469	1.366	1.284	1.24	1.316	1.293	1.311	1.584	1.398	1.306	1.254	1.281	1.287	1.161	1.21	1.309	1.384	1.439	1.434	1.538	1.579	1.574	1.612	1.455	1.383	1.647	1.893	1.712	1.482	1.554	1.599	1.719	1.755	1.954	1.774	1.722	1.83	1.862	1.843	1.789	1.734	1.908	2.023	1.925	1.712	1.792	1.94	1.882	1.888	1.851
	29	2.324	2.38	2.511	2.437	2.356	2.466	2.528	2.408	2.431	2.308	2.395	2.448	2.378	2.316	2.307	2.466	2.564	2.718	2.412	2.491	2.381	2.316	2.326	2.492	2.441	2.377	2.2	2.394	2.595	2.397	2.407	2.338	2.233	2.56	2.511	2.37	2.364	2.721	2.69	2.507	2.341	2.245	2.149	2.14	2.471	2.527	2.229	2.25	2.345	2.266	2.198	2.2	2.293	2.488	2.324	2.208	2.038	1.78	1.87	2.01	1.9	1.865	1.94	2.129	2.068	1.809	1.669	1.702	1.6	1.433	1.521	1.711	1.561	1.471	1.494	1.448	1.47	1.361	1.284	1.236	1.323	1.297	1.313	1.587	1.403	1.313	1.267	1.289	1.277	1.172	1.211	1.323	1.386	1.456	1.444	1.543	1.576	1.594	1.628	1.451	1.391	1.663	1.902	1.715	1.483	1.552	1.608	1.727	1.766	1.949	1.782	1.73	1.837	1.872	1.847	1.804	1.74	1.932	2.034	1.941	1.731	1.807	1.95	1.904	1.891	1.866
	30	2.334	2.382	2.518	2.463	2.376	2.452	2.538	2.403	2.444	2.3	2.401	2.456	2.386	2.318	2.327	2.474	2.576	2.702	2.423	2.498	2.393	2.332	2.351	2.5	2.436	2.376	2.201	2.396	2.61	2.421	2.409	2.347	2.236	2.572	2.534	2.371	2.371	2.732	2.705	2.5	2.346	2.255	2.169	2.131	2.473	2.544	2.234	2.255	2.339	2.263	2.204	2.192	2.298	2.506	2.315	2.208	2.041	1.785	1.87	2.012	1.904	1.872	1.943	2.126	2.078	1.815	1.677	1.707	1.601	1.422	1.515	1.702	1.564	1.476	1.498	1.455	1.468	1.369	1.284	1.239	1.324	1.3	1.322	1.602	1.413	1.311	1.272	1.297	1.287	1.172	1.204	1.323	1.389	1.455	1.439	1.543	1.586	1.586	1.622	1.455	1.397	1.661	1.922	1.714	1.495	1.558	1.61	1.729	1.775	1.965	1.784	1.73	1.845	1.877	1.863	1.808	1.759	1.924	2.033	1.944	1.737	1.81	1.955	1.903	1.899	1.869
	31	2.349	2.39	2.522	2.459	2.375	2.476	2.551	2.412	2.459	2.32	2.407	2.462	2.39	2.328	2.325	2.494	2.594	2.715	2.44	2.511	2.408	2.347	2.349	2.508	2.457	2.387	2.218	2.402	2.614	2.431	2.42	2.363	2.242	2.571	2.528	2.373	2.377	2.737	2.704	2.513	2.357	2.258	2.163	2.147	2.482	2.543	2.24	2.256	2.35	2.272	2.209	2.21	2.3	2.494	2.325	2.22	2.049	1.793	1.876	2.019	1.908	1.872	1.944	2.142	2.072	1.82	1.688	1.714	1.606	1.421	1.53	1.709	1.571	1.487	1.503	1.465	1.477	1.373	1.286	1.244	1.326	1.308	1.333	1.602	1.412	1.307	1.272	1.3	1.298	1.173	1.213	1.335	1.397	1.461	1.451	1.557	1.589	1.588	1.627	1.467	1.402	1.664	1.917	1.723	1.496	1.558	1.626	1.737	1.778	1.973	1.794	1.732	1.849	1.887	1.871	1.816	1.753	1.946	2.053	1.952	1.733	1.806	1.963	1.91	1.902	1.866
	32	2.356	2.389	2.536	2.466	2.395	2.477	2.551	2.416	2.463	2.315	2.41	2.473	2.399	2.324	2.336	2.498	2.591	2.729	2.435	2.522	2.41	2.351	2.358	2.512	2.448	2.389	2.224	2.416	2.625	2.428	2.433	2.366	2.245	2.59	2.543	2.386	2.379	2.733	2.723	2.528	2.364	2.272	2.168	2.147	2.494	2.546	2.25	2.261	2.364	2.283	2.218	2.223	2.312	2.499	2.341	2.211	2.062	1.797	1.891	2.023	1.914	1.889	1.957	2.147	2.093	1.822	1.688	1.709	1.602	1.437	1.535	1.722	1.572	1.484	1.509	1.471	1.485	1.363	1.286	1.245	1.327	1.302	1.317	1.599	1.416	1.32	1.278	1.304	1.304	1.176	1.216	1.328	1.404	1.461	1.446	1.567	1.593	1.597	1.628	1.463	1.403	1.656	1.929	1.724	1.497	1.577	1.616	1.735	1.782	1.981	1.796	1.746	1.855	1.892	1.879	1.819	1.765	1.952	2.056	1.963	1.754	1.821	1.979	1.92	1.896	1.88
	33	2.361	2.407	2.537	2.466	2.395	2.498	2.567	2.424	2.477	2.322	2.426	2.484	2.408	2.333	2.355	2.511	2.597	2.733	2.448	2.526	2.414	2.359	2.364	2.523	2.453	2.391	2.225	2.422	2.629	2.442	2.429	2.375	2.253	2.598	2.558	2.383	2.394	2.746	2.729	2.519	2.36	2.278	2.185	2.154	2.486	2.555	2.249	2.262	2.369	2.294	2.209	2.216	2.311	2.511	2.331	2.222	2.071	1.804	1.894	2.029	1.912	1.886	1.973	2.154	2.089	1.822	1.698	1.72	1.619	1.431	1.545	1.719	1.576	1.484	1.514	1.467	1.487	1.369	1.293	1.248	1.325	1.307	1.328	1.607	1.43	1.331	1.276	1.31	1.302	1.18	1.229	1.329	1.405	1.462	1.45	1.559	1.601	1.592	1.632	1.465	1.412	1.669	1.926	1.734	1.506	1.578	1.633	1.742	1.781	1.978	1.792	1.742	1.859	1.901	1.887	1.815	1.767	1.954	2.053	1.967	1.755	1.817	1.982	1.915	1.915	1.882
	34	2.358	2.42	2.549	2.482	2.402	2.492	2.573	2.43	2.473	2.335	2.429	2.492	2.413	2.346	2.35	2.51	2.61	2.729	2.457	2.53	2.432	2.355	2.378	2.535	2.468	2.404	2.223	2.419	2.633	2.456	2.43	2.37	2.254	2.603	2.565	2.4	2.391	2.756	2.721	2.526	2.375	2.27	2.188	2.155	2.492	2.552	2.253	2.269	2.369	2.299	2.217	2.224	2.311	2.51	2.346	2.22	2.065	1.798	1.894	2.027	1.928	1.89	1.961	2.152	2.099	1.82	1.693	1.718	1.617	1.429	1.541	1.721	1.57	1.489	1.51	1.478	1.484	1.378	1.292	1.252	1.334	1.309	1.33	1.621	1.427	1.333	1.285	1.307	1.301	1.189	1.227	1.33	1.399	1.475	1.453	1.562	1.61	1.595	1.635	1.481	1.41	1.675	1.931	1.74	1.514	1.58	1.64	1.753	1.789	1.98	1.813	1.743	1.863	1.898	1.88	1.828	1.776	1.965	2.06	1.963	1.757	1.823	1.992	1.922	1.923	1.889
	35	2.367	2.425	2.561	2.492	2.395	2.492	2.579	2.43	2.492	2.337	2.433	2.487	2.413	2.358	2.354	2.508	2.6	2.737	2.462	2.549	2.431	2.367	2.375	2.533	2.476	2.412	2.231	2.427	2.637	2.45	2.438	2.377	2.265	2.604	2.578	2.391	2.394	2.751	2.747	2.546	2.373	2.28	2.195	2.159	2.512	2.561	2.263	2.282	2.362	2.306	2.221	2.239	2.32	2.517	2.35	2.23	2.064	1.799	1.899	2.035	1.932	1.897	1.969	2.154	2.093	1.846	1.7	1.716	1.603	1.433	1.532	1.726	1.573	1.497	1.516	1.471	1.495	1.381	1.291	1.252	1.333	1.314	1.337	1.62	1.431	1.335	1.288	1.306	1.312	1.185	1.225	1.344	1.397	1.472	1.446	1.566	1.615	1.601	1.642	1.48	1.414	1.681	1.94	1.738	1.514	1.589	1.638	1.764	1.796	1.992	1.813	1.752	1.867	1.908	1.892	1.83	1.77	1.965	2.073	1.981	1.755	1.826	1.988	1.935	1.927	1.896
	36	2.372	2.422	2.567	2.496	2.408	2.504	2.58	2.438	2.491	2.355	2.438	2.498	2.418	2.354	2.349	2.514	2.624	2.752	2.465	2.54	2.444	2.368	2.377	2.535	2.479	2.402	2.231	2.433	2.654	2.453	2.445	2.376	2.258	2.606	2.569	2.393	2.4	2.764	2.741	2.548	2.375	2.295	2.19	2.173	2.509	2.576	2.269	2.282	2.382	2.311	2.229	2.234	2.318	2.518	2.353	2.232	2.07	1.817	1.903	2.036	1.933	1.891	1.968	2.164	2.098	1.839	1.696	1.725	1.616	1.438	1.542	1.729	1.581	1.494	1.518	1.477	1.487	1.385	1.295	1.252	1.335	1.308	1.338	1.622	1.433	1.337	1.286	1.314	1.309	1.186	1.233	1.335	1.406	1.472	1.466	1.57	1.609	1.602	1.637	1.476	1.414	1.677	1.948	1.746	1.512	1.587	1.641	1.761	1.808	1.993	1.81	1.751	1.868	1.913	1.895	1.848	1.774	1.97	2.085	1.977	1.764	1.838	1.994	1.934	1.924	1.904
	37	2.373	2.433	2.574	2.495	2.409	2.506	2.583	2.447	2.488	2.349	2.454	2.494	2.429	2.356	2.362	2.517	2.624	2.756	2.462	2.547	2.449	2.379	2.384	2.539	2.487	2.418	2.25	2.445	2.66	2.461	2.445	2.393	2.267	2.621	2.571	2.399	2.407	2.778	2.743	2.545	2.384	2.294	2.191	2.183	2.508	2.568	2.286	2.286	2.379	2.302	2.23	2.241	2.33	2.541	2.349	2.236	2.071	1.806	1.906	2.031	1.925	1.891	1.972	2.164	2.099	1.832	1.701	1.734	1.621	1.444	1.544	1.727	1.589	1.49	1.514	1.481	1.489	1.385	1.3	1.255	1.337	1.32	1.335	1.625	1.442	1.336	1.292	1.323	1.322	1.184	1.229	1.336	1.411	1.481	1.464	1.576	1.616	1.608	1.652	1.475	1.41	1.687	1.951	1.748	1.511	1.591	1.641	1.773	1.808	2.001	1.822	1.755	1.868	1.921	1.891	1.847	1.777	1.974	2.068	1.983	1.764	1.838	1.998	1.942	1.928	1.907
	38	2.387	2.432	2.575	2.507	2.411	2.511	2.592	2.442	2.504	2.348	2.451	2.505	2.422	2.357	2.365	2.524	2.638	2.765	2.473	2.549	2.444	2.383	2.392	2.554	2.493	2.415	2.254	2.442	2.656	2.461	2.458	2.39	2.268	2.618	2.571	2.404	2.411	2.782	2.748	2.552	2.393	2.293	2.2	2.181	2.522	2.59	2.264	2.29	2.386	2.31	2.241	2.246	2.341	2.532	2.369	2.242	2.077	1.815	1.908	2.047	1.92	1.889	1.976	2.167	2.111	1.843	1.702	1.73	1.625	1.444	1.552	1.728	1.583	1.494	1.525	1.477	1.497	1.379	1.31	1.263	1.346	1.318	1.335	1.634	1.452	1.339	1.3	1.33	1.317	1.189	1.233	1.35	1.406	1.48	1.464	1.568	1.612	1.621	1.658	1.481	1.411	1.695	1.957	1.755	1.52	1.594	1.642	1.769	1.808	2.002	1.827	1.759	1.895	1.925	1.911	1.842	1.789	1.968	2.076	1.98	1.775	1.843	2.002	1.945	1.944	1.908
	39	2.382	2.436	2.576	2.511	2.415	2.513	2.6	2.449	2.505	2.363	2.456	2.507	2.439	2.36	2.372	2.54	2.639	2.771	2.478	2.563	2.455	2.395	2.394	2.55	2.495	2.416	2.261	2.451	2.675	2.466	2.476	2.396	2.28	2.612	2.577	2.415	2.42	2.787	2.757	2.566	2.397	2.298	2.198	2.184	2.529	2.576	2.274	2.301	2.394	2.322	2.237	2.238	2.34	2.531	2.361	2.241	2.085	1.827	1.91	2.046	1.933	1.909	1.976	2.175	2.114	1.84	1.708	1.728	1.619	1.449	1.546	1.734	1.587	1.501	1.521	1.484	1.493	1.387	1.306	1.264	1.34	1.318	1.343	1.631	1.453	1.345	1.299	1.327	1.316	1.191	1.237	1.35	1.41	1.484	1.462	1.578	1.619	1.617	1.662	1.488	1.419	1.69	1.944	1.748	1.525	1.593	1.639	1.769	1.807	2.012	1.822	1.769	1.879	1.93	1.901	1.85	1.791	1.984	2.096	1.99	1.769	1.843	2.002	1.95	1.928	1.902
	40	2.396	2.443	2.571	2.51	2.424	2.522	2.603	2.458	2.504	2.367	2.445	2.514	2.421	2.362	2.377	2.542	2.638	2.772	2.476	2.551	2.461	2.386	2.402	2.56	2.502	2.43	2.253	2.455	2.668	2.474	2.462	2.395	2.279	2.619	2.591	2.407	2.421	2.776	2.764	2.568	2.406	2.304	2.208	2.183	2.527	2.583	2.291	2.296	2.39	2.312	2.233	2.248	2.342	2.532	2.372	2.257	2.082	1.825	1.908	2.05	1.94	1.896	1.974	2.17	2.108	1.841	1.698	1.737	1.627	1.447	1.552	1.735	1.59	1.494	1.52	1.48	1.498	1.388	1.317	1.252	1.348	1.324	1.346	1.635	1.449	1.344	1.299	1.334	1.322	1.197	1.238	1.355	1.414	1.484	1.47	1.583	1.622	1.608	1.661	1.481	1.413	1.689	1.955	1.747	1.525	1.589	1.644	1.772	1.815	2.012	1.833	1.768	1.883	1.918	1.908	1.853	1.787	1.99	2.1	1.998	1.765	1.845	2.003	1.947	1.942	1.909
	41	2.401	2.438	2.585	2.504	2.427	2.524	2.602	2.464	2.503	2.369	2.46	2.51	2.438	2.379	2.378	2.538	2.638	2.757	2.485	2.572	2.464	2.4	2.411	2.56	2.506	2.428	2.258	2.462	2.681	2.47	2.47	2.395	2.286	2.633	2.586	2.407	2.423	2.797	2.769	2.56	2.399	2.301	2.209	2.194	2.535	2.587	2.294	2.304	2.4	2.327	2.242	2.252	2.345	2.531	2.371	2.265	2.098	1.824	1.917	2.054	1.941	1.913	1.986	2.186	2.114	1.845	1.708	1.743	1.633	1.447	1.556	1.737	1.584	1.509	1.53	1.488	1.498	1.385	1.305	1.251	1.346	1.326	1.353	1.637	1.46	1.349	1.303	1.319	1.325	1.202	1.236	1.343	1.408	1.486	1.471	1.583	1.613	1.612	1.653	1.488	1.423	1.703	1.958	1.758	1.525	1.599	1.647	1.777	1.814	2.01	1.834	1.772	1.886	1.937	1.917	1.861	1.794	1.991	2.103	1.997	1.769	1.845	2.009	1.946	1.942	1.911
	42	2.393	2.438	2.59	2.525	2.424	2.532	2.604	2.461	2.514	2.38	2.468	2.506	2.442	2.38	2.377	2.529	2.644	2.776	2.498	2.579	2.464	2.394	2.406	2.559	2.503	2.427	2.269	2.461	2.677	2.478	2.482	2.399	2.293	2.639	2.588	2.41	2.419	2.794	2.772	2.571	2.396	2.306	2.204	2.183	2.53	2.596	2.296	2.3	2.399	2.318	2.239	2.251	2.349	2.545	2.385	2.251	2.091	1.823	1.917	2.049	1.94	1.909	1.988	2.174	2.12	1.849	1.71	1.747	1.633	1.455	1.555	1.731	1.592	1.506	1.532	1.492	1.506	1.394	1.318	1.264	1.346	1.322	1.338	1.636	1.455	1.35	1.308	1.335	1.324	1.196	1.241	1.352	1.408	1.488	1.482	1.583	1.621	1.619	1.651	1.486	1.424	1.699	1.963	1.757	1.534	1.608	1.656	1.778	1.809	2.008	1.838	1.77	1.881	1.937	1.919	1.853	1.801	1.989	2.099	2.007	1.776	1.846	2.01	1.95	1.948	1.92
	43	2.396	2.44	2.592	2.515	2.422	2.529	2.612	2.462	2.514	2.366	2.475	2.515	2.44	2.373	2.383	2.553	2.646	2.781	2.489	2.574	2.456	2.404	2.416	2.569	2.515	2.422	2.269	2.462	2.671	2.48	2.474	2.403	2.291	2.635	2.589	2.414	2.426	2.791	2.771	2.568	2.406	2.31	2.211	2.184	2.542	2.587	2.301	2.297	2.398	2.326	2.246	2.252	2.349	2.545	2.382	2.259	2.094	1.826	1.929	2.058	1.938	1.904	1.992	2.187	2.118	1.844	1.707	1.74	1.637	1.457	1.56	1.739	1.589	1.508	1.529	1.49	1.507	1.395	1.305	1.268	1.348	1.319	1.342	1.644	1.459	1.359	1.311	1.329	1.334	1.199	1.244	1.359	1.423	1.492	1.48	1.577	1.624	1.617	1.651	1.491	1.416	1.693	1.973	1.764	1.529	1.594	1.662	1.783	1.821	2.021	1.836	1.766	1.887	1.943	1.921	1.858	1.792	1.987	2.092	2.008	1.779	1.859	2.018	1.955	1.944	1.921
	44	2.396	2.454	2.585	2.519	2.438	2.53	2.61	2.467	2.515	2.376	2.464	2.515	2.445	2.378	2.373	2.547	2.654	2.78	2.504	2.569	2.472	2.411	2.418	2.567	2.505	2.435	2.275	2.462	2.694	2.488	2.474	2.407	2.288	2.645	2.601	2.431	2.433	2.808	2.787	2.577	2.411	2.306	2.206	2.19	2.534	2.598	2.298	2.307	2.404	2.322	2.246	2.259	2.351	2.553	2.377	2.253	2.092	1.823	1.923	2.07	1.94	1.915	1.988	2.176	2.124	1.862	1.714	1.742	1.639	1.453	1.564	1.741	1.58	1.512	1.531	1.498	1.515	1.396	1.31	1.263	1.357	1.325	1.348	1.641	1.454	1.357	1.305	1.339	1.331	1.204	1.235	1.355	1.426	1.493	1.477	1.587	1.633	1.642	1.667	1.496	1.426	1.698	1.969	1.775	1.538	1.609	1.657	1.783	1.819	2.019	1.841	1.779	1.903	1.95	1.93	1.864	1.799	1.99	2.097	2	1.792	1.859	2.01	1.961	1.948	1.915
	45	2.398	2.453	2.603	2.519	2.426	2.54	2.604	2.457	2.527	2.384	2.476	2.512	2.447	2.385	2.376	2.549	2.638	2.784	2.504	2.583	2.483	2.408	2.422	2.57	2.509	2.442	2.262	2.47	2.689	2.496	2.488	2.413	2.298	2.644	2.609	2.413	2.425	2.812	2.784	2.578	2.414	2.306	2.216	2.189	2.54	2.598	2.302	2.307	2.409	2.333	2.253	2.258	2.357	2.546	2.386	2.265	2.1	1.829	1.928	2.067	1.941	1.916	1.999	2.182	2.134	1.859	1.723	1.746	1.633	1.456	1.554	1.75	1.601	1.514	1.539	1.495	1.516	1.396	1.313	1.272	1.348	1.328	1.35	1.66	1.463	1.365	1.31	1.336	1.333	1.208	1.255	1.358	1.429	1.49	1.474	1.581	1.625	1.626	1.665	1.489	1.429	1.705	1.977	1.767	1.538	1.62	1.67	1.784	1.829	2.027	1.839	1.778	1.901	1.953	1.929	1.868	1.805	1.996	2.096	2.005	1.791	1.858	2.011	1.963	1.947	1.918
	46	2.397	2.448	2.586	2.523	2.434	2.535	2.616	2.461	2.518	2.377	2.482	2.524	2.46	2.381	2.378	2.561	2.653	2.783	2.502	2.578	2.474	2.4	2.417	2.581	2.516	2.438	2.274	2.463	2.697	2.487	2.482	2.422	2.308	2.646	2.601	2.428	2.429	2.801	2.79	2.579	2.418	2.309	2.215	2.191	2.555	2.604	2.306	2.316	2.418	2.334	2.242	2.261	2.35	2.551	2.389	2.259	2.09	1.842	1.925	2.064	1.953	1.914	1.998	2.187	2.132	1.849	1.712	1.753	1.632	1.465	1.564	1.746	1.601	1.513	1.536	1.492	1.51	1.406	1.317	1.265	1.358	1.325	1.35	1.652	1.473	1.364	1.312	1.335	1.327	1.208	1.243	1.355	1.427	1.494	1.479	1.592	1.622	1.635	1.669	1.489	1.426	1.71	1.973	1.773	1.539	1.616	1.666	1.781	1.829	2.024	1.841	1.788	1.906	1.942	1.923	1.859	1.804	1.994	2.113	2.004	1.794	1.863	2.01	1.958	1.951	1.921
	47	2.404	2.449	2.597	2.534	2.436	2.535	2.621	2.471	2.516	2.38	2.466	2.52	2.459	2.388	2.384	2.549	2.654	2.788	2.494	2.591	2.485	2.407	2.423	2.59	2.51	2.441	2.275	2.47	2.69	2.486	2.486	2.428	2.285	2.647	2.604	2.431	2.44	2.814	2.789	2.58	2.417	2.32	2.22	2.189	2.546	2.609	2.312	2.309	2.404	2.341	2.248	2.265	2.36	2.55	2.393	2.269	2.111	1.838	1.924	2.062	1.944	1.918	2.004	2.191	2.126	1.863	1.716	1.747	1.64	1.453	1.556	1.746	1.602	1.515	1.528	1.498	1.51	1.392	1.316	1.276	1.368	1.334	1.359	1.658	1.468	1.362	1.305	1.332	1.331	1.204	1.247	1.37	1.426	1.499	1.479	1.594	1.634	1.622	1.668	1.494	1.431	1.708	1.965	1.766	1.543	1.608	1.664	1.797	1.828	2.023	1.848	1.781	1.894	1.943	1.931	1.868	1.814	2	2.112	2	1.777	1.857	2.02	1.968	1.957	1.927
	48	2.401	2.454	2.595	2.528	2.441	2.533	2.614	2.475	2.532	2.378	2.48	2.521	2.456	2.387	2.397	2.567	2.653	2.781	2.495	2.585	2.474	2.42	2.424	2.587	2.525	2.451	2.268	2.468	2.699	2.491	2.484	2.427	2.304	2.659	2.605	2.43	2.435	2.818	2.783	2.583	2.415	2.325	2.226	2.199	2.545	2.609	2.302	2.309	2.418	2.337	2.26	2.271	2.353	2.555	2.38	2.261	2.11	1.84	1.927	2.064	1.947	1.904	1.99	2.194	2.128	1.86	1.713	1.747	1.642	1.46	1.564	1.738	1.597	1.513	1.533	1.501	1.511	1.4	1.321	1.266	1.357	1.331	1.354	1.657	1.467	1.357	1.311	1.332	1.334	1.207	1.229	1.355	1.419	1.51	1.488	1.59	1.632	1.633	1.671	1.503	1.432	1.7	1.975	1.775	1.533	1.606	1.668	1.791	1.834	2.025	1.849	1.778	1.897	1.948	1.936	1.858	1.802	2.005	2.109	2.01	1.789	1.857	2.026	1.97	1.953	1.925
	49	2.406	2.466	2.605	2.532	2.433	2.542	2.627	2.477	2.523	2.386	2.494	2.514	2.456	2.391	2.388	2.567	2.657	2.804	2.507	2.589	2.479	2.416	2.426	2.583	2.527	2.447	2.283	2.465	2.695	2.494	2.494	2.424	2.301	2.653	2.609	2.433	2.449	2.816	2.796	2.596	2.427	2.321	2.227	2.202	2.559	2.611	2.31	2.314	2.423	2.327	2.256	2.269	2.359	2.557	2.391	2.277	2.105	1.834	1.937	2.068	1.95	1.92	1.998	2.198	2.133	1.861	1.729	1.752	1.635	1.455	1.568	1.756	1.603	1.514	1.539	1.492	1.51	1.396	1.32	1.271	1.352	1.336	1.361	1.657	1.466	1.361	1.315	1.337	1.334	1.205	1.252	1.357	1.428	1.488	1.487	1.599	1.635	1.631	1.672	1.509	1.429	1.712	1.98	1.78	1.539	1.61	1.664	1.797	1.834	2.027	1.852	1.789	1.91	1.944	1.93	1.871	1.805	2.005	2.122	2.015	1.79	1.861	2.012	1.963	1.959	1.926
	50	2.411	2.46	2.591	2.528	2.436	2.538	2.625	2.463	2.526	2.377	2.483	2.538	2.464	2.395	2.4	2.572	2.661	2.789	2.503	2.589	2.48	2.428	2.434	2.581	2.516	2.453	2.272	2.476	2.7	2.494	2.481	2.421	2.304	2.646	2.613	2.432	2.445	2.82	2.785	2.609	2.418	2.321	2.23	2.21	2.556	2.621	2.315	2.321	2.406	2.344	2.27	2.274	2.357	2.576	2.387	2.269	2.091	1.844	1.927	2.064	1.954	1.915	2.002	2.194	2.14	1.86	1.726	1.748	1.645	1.465	1.56	1.758	1.604	1.514	1.536	1.496	1.514	1.393	1.308	1.274	1.357	1.336	1.359	1.664	1.47	1.359	1.316	1.348	1.338	1.21	1.25	1.358	1.433	1.498	1.486	1.597	1.636	1.636	1.676	1.5	1.441	1.71	1.986	1.776	1.542	1.618	1.675	1.794	1.833	2.028	1.847	1.788	1.906	1.949	1.936	1.861	1.808	2.014	2.114	2.023	1.787	1.86	2.015	1.959	1.959	1.932
	51	2.412	2.471	2.598	2.539	2.442	2.541	2.633	2.477	2.524	2.385	2.479	2.53	2.456	2.39	2.411	2.557	2.657	2.795	2.509	2.601	2.486	2.425	2.427	2.585	2.518	2.456	2.286	2.478	2.697	2.508	2.487	2.421	2.307	2.644	2.61	2.434	2.456	2.824	2.799	2.598	2.426	2.318	2.232	2.209	2.553	2.615	2.306	2.327	2.413	2.333	2.26	2.266	2.366	2.568	2.404	2.273	2.1	1.835	1.945	2.071	1.953	1.928	2.004	2.189	2.134	1.859	1.723	1.756	1.653	1.464	1.568	1.755	1.608	1.513	1.544	1.5	1.513	1.394	1.324	1.268	1.364	1.336	1.352	1.667	1.469	1.365	1.317	1.34	1.336	1.208	1.249	1.364	1.424	1.502	1.485	1.603	1.636	1.636	1.678	1.507	1.436	1.704	1.982	1.767	1.54	1.612	1.671	1.799	1.828	2.031	1.85	1.789	1.913	1.951	1.938	1.865	1.808	2.006	2.121	2.016	1.787	1.863	2.018	1.959	1.962	1.929
	52	2.415	2.465	2.608	2.53	2.44	2.542	2.633	2.483	2.536	2.39	2.476	2.54	2.472	2.381	2.387	2.563	2.661	2.794	2.515	2.59	2.484	2.428	2.432	2.585	2.527	2.461	2.276	2.479	2.704	2.495	2.482	2.435	2.304	2.654	2.609	2.454	2.451	2.812	2.806	2.603	2.424	2.322	2.232	2.202	2.555	2.627	2.314	2.328	2.418	2.337	2.262	2.278	2.358	2.56	2.397	2.277	2.101	1.838	1.934	2.074	1.953	1.922	2.01	2.199	2.137	1.866	1.729	1.758	1.649	1.462	1.57	1.752	1.6	1.519	1.538	1.498	1.504	1.401	1.326	1.275	1.356	1.339	1.362	1.659	1.467	1.367	1.314	1.344	1.338	1.208	1.251	1.365	1.427	1.499	1.483	1.595	1.63	1.631	1.677	1.501	1.433	1.714	1.982	1.776	1.549	1.61	1.667	1.786	1.831	2.031	1.86	1.789	1.92	1.952	1.933	1.871	1.816	2.002	2.118	2.019	1.781	1.855	2.016	1.967	1.947	1.926
	53	2.414	2.446	2.59	2.54	2.434	2.533	2.635	2.484	2.539	2.401	2.481	2.538	2.469	2.402	2.4	2.563	2.663	2.8	2.517	2.6	2.485	2.428	2.444	2.589	2.52	2.462	2.275	2.482	2.708	2.497	2.51	2.423	2.311	2.654	2.614	2.441	2.447	2.816	2.804	2.598	2.431	2.322	2.236	2.201	2.56	2.612	2.311	2.328	2.417	2.345	2.269	2.27	2.37	2.572	2.404	2.273	2.1	1.837	1.936	2.081	1.946	1.936	2.003	2.202	2.14	1.868	1.73	1.751	1.648	1.458	1.564	1.756	1.6	1.512	1.547	1.498	1.513	1.399	1.322	1.272	1.357	1.334	1.368	1.665	1.47	1.366	1.319	1.346	1.33	1.218	1.25	1.362	1.425	1.512	1.485	1.592	1.639	1.634	1.674	1.511	1.445	1.712	1.976	1.772	1.542	1.612	1.676	1.796	1.836	2.027	1.856	1.788	1.912	1.95	1.932	1.873	1.814	2.011	2.122	2.018	1.793	1.873	2.02	1.956	1.953	1.926
	54	2.404	2.461	2.602	2.542	2.439	2.551	2.637	2.485	2.52	2.395	2.472	2.54	2.464	2.388	2.393	2.563	2.67	2.792	2.513	2.597	2.49	2.423	2.437	2.581	2.523	2.447	2.292	2.469	2.709	2.507	2.497	2.42	2.314	2.663	2.614	2.436	2.444	2.834	2.797	2.602	2.421	2.32	2.235	2.206	2.566	2.624	2.321	2.336	2.423	2.342	2.268	2.289	2.373	2.566	2.395	2.269	2.11	1.839	1.933	2.074	1.956	1.926	2.002	2.197	2.147	1.86	1.726	1.76	1.654	1.46	1.574	1.759	1.605	1.521	1.54	1.495	1.52	1.406	1.321	1.276	1.372	1.342	1.354	1.669	1.485	1.367	1.319	1.355	1.337	1.224	1.258	1.37	1.429	1.503	1.487	1.601	1.637	1.629	1.682	1.514	1.436	1.72	1.98	1.779	1.54	1.622	1.674	1.796	1.847	2.032	1.866	1.799	1.91	1.949	1.92	1.878	1.812	2.007	2.136	2.025	1.792	1.867	2.027	1.962	1.953	1.921
	55	2.402	2.46	2.607	2.538	2.446	2.539	2.63	2.472	2.523	2.397	2.476	2.535	2.455	2.391	2.397	2.559	2.664	2.796	2.52	2.59	2.488	2.432	2.441	2.589	2.537	2.454	2.282	2.48	2.704	2.505	2.508	2.422	2.308	2.655	2.608	2.45	2.453	2.831	2.808	2.605	2.428	2.322	2.237	2.206	2.558	2.619	2.323	2.318	2.428	2.349	2.268	2.271	2.366	2.57	2.406	2.275	2.108	1.832	1.943	2.08	1.956	1.923	2.004	2.201	2.143	1.865	1.731	1.75	1.648	1.466	1.569	1.759	1.605	1.52	1.539	1.496	1.522	1.407	1.322	1.278	1.363	1.341	1.361	1.669	1.48	1.367	1.326	1.35	1.34	1.215	1.248	1.362	1.433	1.504	1.481	1.591	1.64	1.634	1.68	1.51	1.439	1.709	1.987	1.773	1.553	1.616	1.676	1.794	1.834	2.033	1.858	1.79	1.908	1.959	1.931	1.874	1.818	2.009	2.119	2.018	1.793	1.861	2.021	1.958	1.953	1.93
	56	2.397	2.455	2.595	2.542	2.438	2.541	2.633	2.491	2.527	2.393	2.492	2.531	2.471	2.394	2.394	2.561	2.661	2.809	2.508	2.598	2.499	2.428	2.448	2.596	2.516	2.456	2.28	2.485	2.709	2.516	2.5	2.431	2.304	2.662	2.618	2.456	2.461	2.816	2.807	2.597	2.426	2.333	2.233	2.215	2.562	2.624	2.312	2.325	2.435	2.349	2.265	2.283	2.378	2.567	2.413	2.281	2.12	1.848	1.93	2.076	1.961	1.925	2.014	2.21	2.152	1.856	1.738	1.753	1.646	1.468	1.568	1.76	1.603	1.512	1.545	1.508	1.525	1.399	1.312	1.279	1.363	1.327	1.359	1.657	1.481	1.368	1.319	1.35	1.343	1.211	1.25	1.367	1.436	1.505	1.489	1.602	1.626	1.643	1.677	1.504	1.427	1.731	1.983	1.78	1.55	1.63	1.668	1.799	1.835	2.035	1.854	1.801	1.916	1.964	1.936	1.87	1.809	2.006	2.122	2.025	1.801	1.87	2.013	1.961	1.957	1.922
	57	2.408	2.462	2.6	2.534	2.45	2.541	2.615	2.489	2.547	2.39	2.487	2.539	2.469	2.395	2.409	2.571	2.669	2.809	2.514	2.6	2.485	2.423	2.444	2.586	2.531	2.455	2.286	2.484	2.717	2.519	2.49	2.438	2.311	2.663	2.617	2.452	2.452	2.829	2.791	2.6	2.421	2.328	2.232	2.211	2.573	2.631	2.313	2.329	2.421	2.34	2.273	2.268	2.368	2.564	2.4	2.288	2.114	1.853	1.932	2.077	1.966	1.931	2.005	2.202	2.149	1.859	1.729	1.762	1.651	1.46	1.577	1.77	1.603	1.517	1.548	1.52	1.523	1.401	1.327	1.277	1.358	1.334	1.365	1.667	1.48	1.376	1.322	1.348	1.343	1.208	1.256	1.363	1.435	1.504	1.491	1.591	1.634	1.635	1.684	1.515	1.441	1.715	1.985	1.784	1.549	1.625	1.683	1.801	1.839	2.04	1.854	1.802	1.917	1.961	1.939	1.871	1.807	2.01	2.131	2.026	1.782	1.86	2.019	1.965	1.954	1.93
	58	2.396	2.468	2.598	2.531	2.439	2.553	2.636	2.476	2.54	2.397	2.489	2.532	2.461	2.388	2.402	2.557	2.66	2.787	2.519	2.602	2.491	2.427	2.446	2.593	2.539	2.457	2.3	2.484	2.718	2.518	2.485	2.418	2.315	2.667	2.611	2.451	2.445	2.831	2.805	2.609	2.422	2.325	2.237	2.215	2.572	2.622	2.326	2.341	2.429	2.345	2.264	2.282	2.366	2.569	2.405	2.288	2.115	1.856	1.932	2.074	1.961	1.93	2.021	2.201	2.137	1.867	1.729	1.76	1.658	1.458	1.572	1.766	1.606	1.514	1.547	1.515	1.524	1.413	1.325	1.281	1.366	1.343	1.362	1.674	1.485	1.375	1.322	1.349	1.336	1.217	1.252	1.369	1.437	1.508	1.49	1.599	1.636	1.642	1.676	1.514	1.442	1.717	1.993	1.778	1.551	1.618	1.682	1.805	1.831	2.035	1.864	1.796	1.918	1.966	1.931	1.873	1.814	2.007	2.117	2.024	1.798	1.866	2.022	1.96	1.946	1.93
	59	2.41	2.473	2.611	2.544	2.443	2.541	2.637	2.483	2.538	2.391	2.471	2.53	2.466	2.39	2.389	2.568	2.664	2.804	2.507	2.592	2.487	2.424	2.448	2.595	2.527	2.456	2.291	2.49	2.714	2.52	2.49	2.431	2.315	2.662	2.608	2.45	2.452	2.83	2.804	2.598	2.42	2.327	2.238	2.212	2.568	2.625	2.321	2.329	2.436	2.344	2.263	2.277	2.368	2.566	2.404	2.297	2.108	1.84	1.934	2.092	1.952	1.933	2.019	2.209	2.157	1.871	1.736	1.766	1.658	1.467	1.575	1.766	1.611	1.523	1.542	1.507	1.515	1.41	1.326	1.281	1.373	1.346	1.364	1.665	1.487	1.375	1.324	1.348	1.341	1.213	1.252	1.366	1.443	1.5	1.491	1.597	1.639	1.635	1.675	1.512	1.453	1.712	1.994	1.773	1.549	1.62	1.675	1.801	1.849	2.045	1.868	1.791	1.916	1.962	1.934	1.878	1.812	2.016	2.131	2.018	1.797	1.867	2.016	1.961	1.953	1.925
	60	2.41	2.457	2.6	2.541	2.438	2.546	2.626	2.48	2.537	2.397	2.483	2.537	2.457	2.396	2.4	2.569	2.662	2.79	2.52	2.609	2.474	2.427	2.434	2.6	2.532	2.458	2.28	2.497	2.708	2.512	2.497	2.43	2.31	2.665	2.615	2.445	2.461	2.833	2.812	2.599	2.432	2.329	2.234	2.215	2.571	2.616	2.327	2.338	2.429	2.346	2.277	2.27	2.368	2.573	2.409	2.267	2.116	1.836	1.951	2.075	1.964	1.927	2.014	2.206	2.145	1.87	1.728	1.754	1.651	1.466	1.581	1.765	1.609	1.527	1.548	1.518	1.522	1.402	1.324	1.279	1.365	1.343	1.362	1.668	1.489	1.369	1.325	1.349	1.345	1.211	1.253	1.37	1.436	1.509	1.496	1.599	1.637	1.638	1.682	1.511	1.443	1.726	1.99	1.776	1.547	1.618	1.679	1.8	1.843	2.037	1.86	1.793	1.921	1.959	1.938	1.873	1.806	2.017	2.121	2.014	1.79	1.872	2.022	1.957	1.953	1.929
	61	2.401	2.459	2.6	2.536	2.434	2.539	2.631	2.484	2.535	2.387	2.486	2.539	2.455	2.397	2.404	2.57	2.669	2.801	2.519	2.6	2.486	2.423	2.434	2.595	2.539	2.452	2.301	2.474	2.705	2.524	2.504	2.424	2.31	2.653	2.614	2.444	2.453	2.83	2.804	2.6	2.43	2.334	2.24	2.209	2.582	2.626	2.316	2.336	2.429	2.344	2.284	2.278	2.37	2.588	2.392	2.279	2.12	1.847	1.937	2.093	1.957	1.926	2.011	2.207	2.151	1.873	1.742	1.759	1.656	1.467	1.566	1.769	1.607	1.529	1.551	1.508	1.526	1.405	1.327	1.29	1.367	1.347	1.369	1.685	1.488	1.371	1.32	1.353	1.341	1.215	1.262	1.368	1.434	1.506	1.501	1.6	1.631	1.636	1.673	1.516	1.433	1.716	1.981	1.776	1.554	1.624	1.679	1.798	1.854	2.036	1.858	1.795	1.93	1.958	1.932	1.876	1.817	2.008	2.127	2.024	1.792	1.869	2.021	1.961	1.945	1.927
	62	2.418	2.451	2.592	2.539	2.441	2.549	2.632	2.488	2.527	2.393	2.492	2.523	2.465	2.388	2.395	2.57	2.668	2.793	2.506	2.596	2.484	2.425	2.433	2.589	2.532	2.457	2.284	2.492	2.71	2.523	2.495	2.421	2.318	2.665	2.613	2.444	2.456	2.844	2.806	2.615	2.435	2.326	2.234	2.22	2.562	2.627	2.329	2.326	2.44	2.348	2.266	2.281	2.369	2.59	2.406	2.28	2.123	1.838	1.935	2.077	1.968	1.933	2.023	2.205	2.15	1.862	1.733	1.774	1.65	1.466	1.575	1.761	1.622	1.527	1.552	1.516	1.525	1.411	1.327	1.287	1.369	1.349	1.364	1.676	1.482	1.362	1.322	1.346	1.344	1.217	1.255	1.368	1.435	1.504	1.499	1.602	1.639	1.636	1.681	1.517	1.434	1.712	1.992	1.783	1.555	1.619	1.687	1.806	1.849	2.045	1.862	1.797	1.93	1.959	1.94	1.873	1.814	2.017	2.125	2.021	1.791	1.877	2.018	1.961	1.956	1.932
	63	2.409	2.455	2.601	2.536	2.437	2.543	2.625	2.479	2.528	2.394	2.488	2.531	2.458	2.398	2.396	2.567	2.665	2.797	2.511	2.596	2.488	2.426	2.436	2.606	2.531	2.446	2.288	2.492	2.716	2.519	2.501	2.432	2.315	2.662	2.618	2.447	2.457	2.841	2.807	2.606	2.426	2.326	2.234	2.205	2.566	2.628	2.329	2.335	2.431	2.354	2.279	2.271	2.385	2.577	2.411	2.279	2.116	1.844	1.942	2.076	1.958	1.932	2.012	2.214	2.141	1.865	1.744	1.764	1.656	1.475	1.567	1.774	1.613	1.532	1.551	1.509	1.517	1.416	1.331	1.276	1.366	1.35	1.37	1.679	1.487	1.378	1.329	1.358	1.347	1.225	1.256	1.369	1.44	1.508	1.502	1.595	1.629	1.632	1.686	1.509	1.445	1.716	1.994	1.78	1.548	1.615	1.683	1.802	1.843	2.034	1.856	1.8	1.912	1.965	1.936	1.873	1.816	2.019	2.128	2.017	1.79	1.869	2.011	1.959	1.966	1.922
	64	2.405	2.451	2.604	2.521	2.443	2.538	2.63	2.478	2.54	2.396	2.484	2.536	2.459	2.39	2.397	2.559	2.67	2.797	2.511	2.604	2.495	2.424	2.442	2.597	2.526	2.459	2.284	2.491	2.718	2.516	2.509	2.431	2.322	2.665	2.62	2.459	2.465	2.832	2.802	2.607	2.425	2.33	2.236	2.212	2.561	2.631	2.322	2.327	2.433	2.353	2.272	2.277	2.371	2.579	2.423	2.284	2.121	1.846	1.94	2.077	1.96	1.936	2.012	2.212	2.147	1.882	1.732	1.763	1.658	1.467	1.578	1.764	1.619	1.531	1.552	1.513	1.522	1.421	1.328	1.271	1.363	1.348	1.371	1.677	1.494	1.378	1.318	1.347	1.347	1.212	1.259	1.38	1.447	1.508	1.492	1.598	1.636	1.648	1.687	1.513	1.442	1.718	1.992	1.774	1.552	1.619	1.675	1.807	1.841	2.051	1.864	1.792	1.921	1.973	1.935	1.875	1.818	2.015	2.127	2.023	1.786	1.874	2.025	1.956	1.961	1.921
	65	2.403	2.453	2.594	2.527	2.441	2.54	2.636	2.482	2.528	2.395	2.495	2.525	2.461	2.384	2.393	2.562	2.672	2.801	2.507	2.6	2.488	2.417	2.434	2.611	2.532	2.456	2.284	2.488	2.714	2.511	2.511	2.43	2.314	2.652	2.623	2.459	2.456	2.826	2.815	2.614	2.436	2.333	2.23	2.227	2.569	2.631	2.328	2.326	2.429	2.347	2.265	2.282	2.372	2.56	2.419	2.291	2.128	1.854	1.937	2.088	1.962	1.943	2.018	2.201	2.144	1.866	1.736	1.764	1.656	1.475	1.578	1.768	1.617	1.523	1.549	1.509	1.519	1.405	1.329	1.287	1.369	1.345	1.359	1.678	1.477	1.374	1.319	1.348	1.336	1.215	1.257	1.371	1.423	1.509	1.492	1.601	1.647	1.642	1.682	1.505	1.451	1.723	1.988	1.779	1.558	1.624	1.68	1.811	1.845	2.041	1.866	1.792	1.931	1.963	1.928	1.878	1.806	2.014	2.123	2.013	1.789	1.862	2.015	1.95	1.957	1.92
	66	2.405	2.456	2.598	2.539	2.435	2.53	2.625	2.477	2.524	2.391	2.474	2.523	2.451	2.384	2.395	2.566	2.662	2.791	2.523	2.599	2.489	2.419	2.441	2.592	2.526	2.464	2.285	2.483	2.713	2.522	2.502	2.43	2.314	2.651	2.622	2.458	2.468	2.843	2.804	2.604	2.43	2.328	2.239	2.216	2.577	2.634	2.331	2.338	2.428	2.349	2.269	2.279	2.377	2.582	2.399	2.296	2.106	1.836	1.94	2.083	1.962	1.932	2.014	2.207	2.146	1.872	1.739	1.765	1.658	1.469	1.578	1.768	1.618	1.523	1.546	1.511	1.522	1.413	1.33	1.28	1.368	1.336	1.364	1.677	1.481	1.373	1.317	1.353	1.346	1.217	1.265	1.371	1.444	1.514	1.499	1.607	1.641	1.643	1.677	1.508	1.443	1.72	1.992	1.776	1.558	1.637	1.67	1.807	1.836	2.047	1.863	1.804	1.919	1.969	1.93	1.873	1.819	2.01	2.126	2.016	1.794	1.868	2.015	1.956	1.953	1.923
	67	2.404	2.458	2.576	2.531	2.427	2.538	2.642	2.49	2.525	2.405	2.485	2.53	2.453	2.394	2.402	2.557	2.668	2.793	2.516	2.6	2.487	2.437	2.437	2.603	2.538	2.475	2.292	2.483	2.71	2.515	2.512	2.431	2.325	2.662	2.629	2.458	2.464	2.836	2.807	2.605	2.434	2.336	2.245	2.214	2.567	2.643	2.324	2.333	2.433	2.355	2.268	2.277	2.371	2.581	2.402	2.285	2.117	1.857	1.946	2.081	1.963	1.939	2.018	2.212	2.163	1.869	1.736	1.762	1.656	1.47	1.583	1.769	1.624	1.523	1.548	1.519	1.523	1.406	1.33	1.288	1.369	1.35	1.368	1.686	1.496	1.365	1.319	1.352	1.347	1.224	1.258	1.373	1.431	1.509	1.502	1.608	1.637	1.633	1.689	1.505	1.446	1.718	1.987	1.782	1.554	1.623	1.679	1.804	1.853	2.048	1.873	1.802	1.916	1.964	1.943	1.877	1.822	2.009	2.128	2.016	1.793	1.868	2.01	1.965	1.952	1.932
	68	2.399	2.443	2.596	2.527	2.44	2.541	2.625	2.487	2.53	2.399	2.496	2.539	2.458	2.385	2.397	2.561	2.664	2.796	2.526	2.603	2.482	2.441	2.443	2.593	2.534	2.466	2.296	2.489	2.728	2.517	2.503	2.44	2.315	2.661	2.622	2.452	2.454	2.83	2.81	2.605	2.43	2.34	2.255	2.21	2.579	2.631	2.334	2.333	2.427	2.353	2.271	2.273	2.366	2.586	2.405	2.272	2.118	1.85	1.942	2.088	1.968	1.932	2.016	2.216	2.15	1.876	1.738	1.763	1.668	1.475	1.578	1.765	1.62	1.53	1.545	1.512	1.522	1.414	1.327	1.283	1.368	1.347	1.357	1.684	1.487	1.38	1.328	1.345	1.349	1.22	1.26	1.373	1.441	1.501	1.497	1.613	1.638	1.645	1.688	1.509	1.436	1.718	1.991	1.781	1.552	1.628	1.681	1.798	1.843	2.046	1.857	1.802	1.92	1.958	1.945	1.886	1.809	2.011	2.121	2.014	1.781	1.861	2.024	1.964	1.958	1.93
	69	2.405	2.456	2.591	2.526	2.431	2.536	2.636	2.48	2.534	2.394	2.482	2.533	2.445	2.388	2.394	2.555	2.666	2.796	2.514	2.605	2.49	2.424	2.443	2.604	2.521	2.454	2.299	2.491	2.712	2.509	2.501	2.437	2.317	2.666	2.605	2.463	2.461	2.835	2.814	2.613	2.426	2.332	2.238	2.22	2.566	2.628	2.328	2.328	2.432	2.347	2.272	2.268	2.37	2.582	2.409	2.291	2.111	1.844	1.932	2.076	1.962	1.932	2.012	2.206	2.15	1.873	1.742	1.764	1.658	1.476	1.576	1.767	1.606	1.528	1.553	1.515	1.527	1.417	1.332	1.286	1.364	1.346	1.369	1.677	1.486	1.373	1.33	1.346	1.34	1.226	1.255	1.372	1.433	1.516	1.496	1.608	1.648	1.657	1.695	1.516	1.442	1.716	1.999	1.78	1.555	1.635	1.674	1.807	1.841	2.046	1.873	1.792	1.926	1.957	1.93	1.884	1.826	2.017	2.125	2.019	1.78	1.859	2.013	1.958	1.951	1.919
	70	2.407	2.453	2.594	2.521	2.428	2.545	2.636	2.482	2.529	2.395	2.48	2.523	2.465	2.388	2.39	2.561	2.656	2.796	2.509	2.605	2.475	2.431	2.444	2.595	2.53	2.463	2.297	2.494	2.711	2.53	2.501	2.433	2.307	2.66	2.613	2.454	2.454	2.835	2.812	2.606	2.426	2.329	2.236	2.22	2.569	2.626	2.324	2.344	2.43	2.347	2.267	2.274	2.369	2.587	2.411	2.289	2.122	1.85	1.942	2.093	1.976	1.936	2.007	2.2	2.152	1.876	1.733	1.757	1.662	1.466	1.577	1.774	1.606	1.527	1.542	1.516	1.526	1.405	1.326	1.292	1.371	1.348	1.367	1.678	1.485	1.37	1.329	1.35	1.336	1.212	1.263	1.378	1.436	1.501	1.499	1.608	1.645	1.638	1.689	1.508	1.447	1.725	1.997	1.78	1.546	1.629	1.673	1.797	1.842	2.05	1.866	1.807	1.918	1.96	1.928	1.867	1.81	2.013	2.124	2.022	1.791	1.857	2.018	1.954	1.948	1.927
	71	2.407	2.447	2.586	2.52	2.437	2.539	2.635	2.488	2.531	2.4	2.483	2.537	2.463	2.388	2.394	2.556	2.651	2.796	2.509	2.602	2.491	2.425	2.449	2.594	2.54	2.457	2.284	2.488	2.712	2.516	2.511	2.435	2.316	2.662	2.629	2.45	2.454	2.829	2.813	2.61	2.433	2.335	2.246	2.228	2.567	2.63	2.327	2.332	2.435	2.347	2.266	2.289	2.37	2.579	2.416	2.287	2.114	1.85	1.935	2.086	1.967	1.933	2.013	2.213	2.147	1.883	1.744	1.757	1.661	1.475	1.578	1.767	1.615	1.526	1.549	1.52	1.529	1.411	1.331	1.282	1.373	1.34	1.369	1.683	1.488	1.38	1.325	1.352	1.345	1.223	1.261	1.369	1.441	1.515	1.497	1.607	1.645	1.649	1.695	1.516	1.436	1.726	1.99	1.782	1.551	1.626	1.677	1.807	1.836	2.042	1.853	1.79	1.924	1.968	1.929	1.885	1.804	2.018	2.122	2.009	1.791	1.86	2.017	1.952	1.951	1.91
	72	2.406	2.443	2.589	2.526	2.439	2.535	2.63	2.482	2.526	2.393	2.484	2.538	2.449	2.387	2.393	2.561	2.67	2.799	2.517	2.607	2.491	2.423	2.459	2.605	2.533	2.455	2.3	2.49	2.712	2.512	2.509	2.43	2.311	2.671	2.614	2.457	2.46	2.834	2.813	2.611	2.44	2.327	2.239	2.224	2.562	2.628	2.323	2.343	2.429	2.354	2.275	2.28	2.38	2.584	2.408	2.286	2.115	1.85	1.937	2.087	1.971	1.936	2.014	2.208	2.143	1.879	1.731	1.761	1.655	1.472	1.58	1.764	1.616	1.538	1.541	1.517	1.534	1.414	1.336	1.286	1.37	1.34	1.364	1.68	1.483	1.37	1.32	1.349	1.352	1.223	1.261	1.375	1.434	1.513	1.498	1.607	1.65	1.645	1.69	1.518	1.44	1.719	2.001	1.786	1.562	1.626	1.681	1.804	1.845	2.05	1.862	1.793	1.915	1.971	1.925	1.874	1.818	2.015	2.123	2.018	1.786	1.857	2.022	1.958	1.952	1.924
	73	2.403	2.448	2.587	2.53	2.434	2.531	2.631	2.485	2.537	2.395	2.482	2.532	2.453	2.392	2.398	2.582	2.672	2.792	2.514	2.601	2.497	2.419	2.444	2.598	2.524	2.461	2.297	2.501	2.718	2.522	2.505	2.437	2.316	2.666	2.625	2.455	2.465	2.844	2.819	2.617	2.431	2.337	2.237	2.215	2.563	2.635	2.328	2.34	2.426	2.354	2.285	2.285	2.374	2.584	2.41	2.281	2.114	1.841	1.941	2.077	1.965	1.936	2.017	2.212	2.143	1.885	1.744	1.762	1.662	1.469	1.583	1.774	1.616	1.527	1.547	1.514	1.522	1.417	1.332	1.286	1.368	1.35	1.362	1.684	1.481	1.376	1.319	1.349	1.349	1.224	1.273	1.374	1.447	1.51	1.503	1.611	1.642	1.644	1.681	1.505	1.445	1.73	1.992	1.786	1.552	1.631	1.683	1.807	1.834	2.043	1.865	1.802	1.913	1.965	1.942	1.875	1.806	2.008	2.126	2.024	1.789	1.858	2.014	1.951	1.954	1.915
	74	2.393	2.439	2.588	2.525	2.426	2.535	2.63	2.481	2.538	2.389	2.484	2.522	2.453	2.389	2.388	2.568	2.664	2.792	2.514	2.603	2.49	2.422	2.433	2.611	2.522	2.458	2.29	2.496	2.722	2.51	2.505	2.428	2.312	2.661	2.62	2.454	2.449	2.834	2.804	2.615	2.435	2.336	2.241	2.219	2.572	2.641	2.323	2.343	2.419	2.358	2.274	2.279	2.377	2.574	2.424	2.282	2.119	1.849	1.948	2.085	1.972	1.929	2.025	2.205	2.15	1.879	1.742	1.759	1.659	1.479	1.574	1.771	1.618	1.53	1.55	1.511	1.529	1.416	1.333	1.289	1.374	1.349	1.374	1.682	1.485	1.376	1.32	1.355	1.344	1.217	1.263	1.36	1.44	1.513	1.496	1.608	1.64	1.643	1.683	1.51	1.445	1.72	1.99	1.786	1.55	1.628	1.682	1.807	1.851	2.039	1.875	1.795	1.905	1.96	1.937	1.866	1.807	2.02	2.134	2.02	1.782	1.857	2.015	1.959	1.962	1.924
	75	2.402	2.457	2.584	2.524	2.426	2.52	2.619	2.467	2.523	2.396	2.48	2.527	2.445	2.386	2.389	2.57	2.658	2.791	2.509	2.593	2.482	2.433	2.431	2.597	2.531	2.45	2.29	2.49	2.717	2.518	2.511	2.432	2.306	2.664	2.619	2.446	2.459	2.846	2.813	2.615	2.437	2.337	2.249	2.223	2.568	2.634	2.322	2.342	2.431	2.356	2.275	2.264	2.37	2.575	2.419	2.289	2.116	1.851	1.943	2.096	1.958	1.932	2.02	2.219	2.156	1.877	1.734	1.766	1.661	1.48	1.583	1.768	1.619	1.528	1.561	1.503	1.525	1.41	1.329	1.286	1.374	1.356	1.37	1.68	1.495	1.373	1.318	1.352	1.343	1.225	1.258	1.371	1.449	1.519	1.494	1.598	1.645	1.636	1.69	1.52	1.445	1.714	1.99	1.777	1.552	1.627	1.68	1.809	1.846	2.048	1.87	1.795	1.918	1.969	1.93	1.88	1.808	2.01	2.122	2.011	1.785	1.854	2.018	1.955	1.942	1.915
	76	2.389	2.446	2.583	2.531	2.43	2.532	2.634	2.468	2.538	2.404	2.473	2.532	2.454	2.397	2.391	2.57	2.654	2.796	2.519	2.593	2.481	2.429	2.423	2.605	2.524	2.459	2.302	2.492	2.712	2.511	2.49	2.429	2.317	2.661	2.621	2.449	2.461	2.845	2.808	2.619	2.428	2.332	2.234	2.223	2.564	2.633	2.327	2.335	2.432	2.359	2.273	2.287	2.379	2.576	2.423	2.284	2.119	1.848	1.945	2.084	1.975	1.927	2.011	2.214	2.158	1.878	1.735	1.763	1.66	1.486	1.578	1.764	1.612	1.532	1.55	1.51	1.528	1.416	1.332	1.287	1.366	1.352	1.373	1.682	1.496	1.376	1.332	1.35	1.351	1.212	1.262	1.368	1.442	1.52	1.493	1.601	1.639	1.642	1.694	1.511	1.445	1.725	1.994	1.788	1.56	1.629	1.685	1.794	1.841	2.047	1.868	1.805	1.914	1.958	1.923	1.867	1.804	2.013	2.118	2.017	1.775	1.86	2.006	1.95	1.951	1.925
	77	2.387	2.44	2.58	2.516	2.413	2.527	2.629	2.481	2.517	2.398	2.482	2.526	2.446	2.385	2.395	2.552	2.657	2.788	2.517	2.598	2.486	2.44	2.432	2.592	2.526	2.469	2.298	2.478	2.714	2.525	2.511	2.431	2.311	2.653	2.624	2.448	2.459	2.842	2.806	2.606	2.43	2.335	2.242	2.222	2.588	2.623	2.331	2.343	2.429	2.354	2.269	2.28	2.371	2.57	2.407	2.281	2.117	1.853	1.939	2.091	1.967	1.932	2.018	2.21	2.148	1.876	1.746	1.761	1.658	1.471	1.584	1.766	1.619	1.537	1.553	1.516	1.534	1.423	1.331	1.282	1.366	1.354	1.372	1.682	1.483	1.377	1.313	1.359	1.344	1.218	1.264	1.379	1.444	1.517	1.499	1.611	1.64	1.632	1.678	1.513	1.448	1.719	1.989	1.784	1.555	1.636	1.678	1.801	1.85	2.049	1.874	1.806	1.917	1.957	1.931	1.866	1.816	2.003	2.114	2.021	1.78	1.871	2.023	1.959	1.945	1.919
	78	2.396	2.434	2.584	2.525	2.426	2.522	2.634	2.477	2.524	2.396	2.465	2.531	2.446	2.393	2.393	2.562	2.663	2.783	2.508	2.606	2.498	2.431	2.437	2.595	2.536	2.474	2.295	2.492	2.72	2.518	2.512	2.429	2.306	2.669	2.618	2.452	2.455	2.834	2.807	2.618	2.432	2.328	2.236	2.222	2.567	2.635	2.32	2.33	2.428	2.341	2.281	2.275	2.366	2.573	2.411	2.288	2.122	1.852	1.947	2.101	1.958	1.934	2.008	2.216	2.159	1.88	1.743	1.761	1.657	1.477	1.573	1.774	1.627	1.531	1.554	1.52	1.533	1.417	1.338	1.275	1.375	1.351	1.375	1.683	1.482	1.378	1.327	1.344	1.34	1.229	1.258	1.377	1.443	1.52	1.497	1.603	1.641	1.647	1.68	1.522	1.444	1.723	1.997	1.785	1.557	1.627	1.686	1.794	1.838	2.041	1.872	1.801	1.916	1.958	1.929	1.864	1.809	2.013	2.119	2.023	1.778	1.862	2.001	1.953	1.943	1.923
	79	2.399	2.445	2.586	2.516	2.425	2.517	2.635	2.48	2.529	2.392	2.474	2.524	2.457	2.383	2.387	2.558	2.653	2.794	2.506	2.59	2.486	2.417	2.44	2.593	2.539	2.459	2.292	2.487	2.726	2.518	2.499	2.437	2.305	2.668	2.611	2.456	2.462	2.828	2.808	2.607	2.425	2.332	2.241	2.217	2.564	2.642	2.332	2.326	2.429	2.345	2.274	2.281	2.37	2.572	2.404	2.284	2.121	1.841	1.935	2.083	1.96	1.941	2.016	2.214	2.158	1.881	1.74	1.761	1.661	1.474	1.578	1.777	1.629	1.531	1.552	1.516	1.528	1.414	1.336	1.288	1.369	1.346	1.373	1.684	1.489	1.368	1.318	1.355	1.344	1.23	1.261	1.375	1.435	1.516	1.496	1.606	1.639	1.644	1.687	1.521	1.439	1.73	2.002	1.789	1.555	1.632	1.684	1.798	1.839	2.051	1.86	1.794	1.918	1.956	1.931	1.867	1.813	2.004	2.122	2.01	1.776	1.854	2.01	1.947	1.944	1.921
	80	2.381	2.448	2.58	2.512	2.433	2.519	2.626	2.466	2.533	2.399	2.472	2.512	2.454	2.374	2.384	2.568	2.654	2.784	2.507	2.607	2.494	2.424	2.445	2.591	2.531	2.453	2.296	2.498	2.718	2.506	2.498	2.442	2.317	2.666	2.615	2.459	2.466	2.845	2.813	2.612	2.436	2.333	2.237	2.218	2.57	2.619	2.329	2.337	2.431	2.348	2.276	2.277	2.371	2.581	2.423	2.284	2.112	1.85	1.948	2.085	1.969	1.934	2.019	2.22	2.158	1.882	1.739	1.763	1.654	1.474	1.576	1.776	1.623	1.523	1.557	1.519	1.522	1.407	1.332	1.296	1.365	1.355	1.38	1.689	1.484	1.376	1.324	1.342	1.341	1.22	1.264	1.372	1.442	1.51	1.496	1.614	1.642	1.649	1.68	1.517	1.442	1.727	1.996	1.782	1.56	1.634	1.686	1.816	1.833	2.046	1.867	1.797	1.923	1.956	1.933	1.871	1.804	2.02	2.118	2.003	1.784	1.85	2.009	1.959	1.949	1.918
	81	2.392	2.435	2.571	2.516	2.435	2.52	2.624	2.472	2.523	2.383	2.483	2.509	2.434	2.381	2.381	2.556	2.658	2.789	2.507	2.584	2.488	2.435	2.434	2.604	2.539	2.459	2.282	2.497	2.713	2.51	2.502	2.432	2.317	2.661	2.611	2.459	2.461	2.832	2.808	2.616	2.431	2.332	2.242	2.213	2.565	2.635	2.331	2.338	2.432	2.341	2.277	2.283	2.367	2.581	2.421	2.277	2.122	1.859	1.945	2.084	1.959	1.927	2.01	2.212	2.153	1.879	1.745	1.772	1.663	1.466	1.584	1.783	1.62	1.527	1.553	1.524	1.53	1.407	1.332	1.287	1.38	1.355	1.375	1.678	1.487	1.373	1.326	1.351	1.343	1.232	1.259	1.374	1.44	1.51	1.504	1.612	1.648	1.641	1.683	1.52	1.448	1.721	1.994	1.777	1.558	1.63	1.687	1.813	1.841	2.047	1.871	1.803	1.908	1.959	1.936	1.871	1.802	2.001	2.121	2.017	1.78	1.852	2.008	1.95	1.941	1.918
	82	2.385	2.43	2.576	2.503	2.424	2.535	2.632	2.472	2.515	2.387	2.481	2.519	2.442	2.384	2.394	2.558	2.661	2.788	2.501	2.598	2.48	2.427	2.438	2.596	2.535	2.458	2.289	2.502	2.714	2.525	2.503	2.433	2.313	2.665	2.622	2.447	2.454	2.829	2.816	2.612	2.433	2.341	2.243	2.224	2.575	2.636	2.319	2.336	2.425	2.357	2.267	2.271	2.37	2.589	2.414	2.289	2.111	1.851	1.937	2.095	1.964	1.935	2.001	2.215	2.147	1.887	1.746	1.762	1.665	1.475	1.578	1.785	1.625	1.532	1.558	1.522	1.527	1.413	1.331	1.286	1.372	1.355	1.375	1.685	1.483	1.367	1.33	1.345	1.345	1.225	1.256	1.373	1.444	1.508	1.496	1.61	1.639	1.652	1.68	1.51	1.444	1.721	1.993	1.772	1.566	1.63	1.685	1.8	1.843	2.035	1.868	1.794	1.929	1.949	1.932	1.864	1.813	2.013	2.124	2.008	1.782	1.855	2.002	1.946	1.942	1.91
	83	2.381	2.435	2.581	2.518	2.42	2.526	2.616	2.473	2.521	2.385	2.467	2.515	2.456	2.375	2.386	2.565	2.654	2.789	2.498	2.587	2.474	2.426	2.434	2.59	2.53	2.461	2.285	2.49	2.718	2.53	2.495	2.438	2.319	2.661	2.617	2.45	2.46	2.84	2.824	2.611	2.428	2.341	2.229	2.216	2.575	2.63	2.326	2.342	2.434	2.347	2.272	2.28	2.369	2.581	2.411	2.294	2.123	1.85	1.944	2.08	1.958	1.933	2.015	2.219	2.153	1.889	1.745	1.767	1.665	1.475	1.582	1.775	1.622	1.535	1.556	1.519	1.531	1.41	1.33	1.284	1.381	1.348	1.374	1.685	1.484	1.377	1.314	1.353	1.335	1.218	1.258	1.374	1.448	1.506	1.496	1.601	1.646	1.652	1.683	1.52	1.448	1.715	1.997	1.773	1.553	1.627	1.688	1.804	1.849	2.04	1.869	1.797	1.918	1.959	1.928	1.876	1.809	2.013	2.119	2.007	1.781	1.847	2.006	1.954	1.943	1.907
	84	2.375	2.455	2.584	2.528	2.419	2.523	2.625	2.472	2.519	2.385	2.472	2.521	2.439	2.375	2.39	2.557	2.654	2.787	2.504	2.587	2.484	2.42	2.449	2.594	2.535	2.453	2.289	2.487	2.705	2.52	2.492	2.42	2.306	2.659	2.617	2.458	2.461	2.828	2.814	2.61	2.432	2.335	2.239	2.223	2.569	2.634	2.331	2.334	2.428	2.35	2.273	2.276	2.378	2.571	2.413	2.29	2.122	1.853	1.938	2.08	1.969	1.945	2.018	2.207	2.154	1.882	1.742	1.767	1.671	1.477	1.581	1.772	1.62	1.528	1.556	1.517	1.532	1.41	1.331	1.292	1.376	1.348	1.37	1.68	1.494	1.381	1.327	1.353	1.347	1.226	1.259	1.374	1.435	1.517	1.494	1.606	1.638	1.637	1.681	1.514	1.44	1.719	1.989	1.777	1.56	1.628	1.675	1.815	1.843	2.05	1.862	1.793	1.914	1.963	1.925	1.864	1.804	2.006	2.119	2.004	1.779	1.856	2.005	1.953	1.939	1.91
	85	2.373	2.435	2.573	2.51	2.41	2.521	2.619	2.47	2.528	2.39	2.47	2.52	2.434	2.371	2.383	2.549	2.644	2.783	2.505	2.602	2.488	2.419	2.444	2.601	2.53	2.456	2.292	2.474	2.716	2.515	2.503	2.43	2.314	2.666	2.61	2.461	2.461	2.841	2.803	2.605	2.43	2.333	2.227	2.228	2.558	2.63	2.323	2.332	2.423	2.353	2.273	2.268	2.365	2.574	2.405	2.286	2.125	1.854	1.947	2.095	1.966	1.946	2.013	2.219	2.153	1.878	1.743	1.763	1.664	1.475	1.59	1.777	1.622	1.531	1.558	1.518	1.523	1.413	1.336	1.29	1.375	1.353	1.36	1.677	1.48	1.378	1.322	1.355	1.342	1.222	1.259	1.388	1.437	1.512	1.498	1.603	1.642	1.634	1.683	1.512	1.432	1.719	1.986	1.784	1.559	1.636	1.687	1.816	1.851	2.051	1.865	1.807	1.924	1.961	1.93	1.862	1.807	2.007	2.113	2.01	1.777	1.861	1.998	1.935	1.948	1.903
	86	2.375	2.433	2.578	2.513	2.42	2.527	2.615	2.468	2.534	2.388	2.48	2.517	2.444	2.374	2.387	2.557	2.644	2.779	2.498	2.596	2.485	2.429	2.437	2.594	2.524	2.463	2.285	2.502	2.702	2.515	2.499	2.417	2.311	2.662	2.619	2.451	2.454	2.832	2.801	2.602	2.438	2.331	2.23	2.218	2.571	2.64	2.322	2.34	2.43	2.356	2.268	2.268	2.37	2.569	2.414	2.278	2.115	1.848	1.941	2.08	1.971	1.93	2.014	2.218	2.165	1.877	1.747	1.767	1.666	1.477	1.585	1.782	1.625	1.534	1.55	1.524	1.534	1.419	1.339	1.285	1.371	1.349	1.37	1.681	1.486	1.376	1.316	1.343	1.339	1.223	1.257	1.37	1.441	1.509	1.493	1.605	1.638	1.64	1.677	1.519	1.442	1.724	1.999	1.794	1.558	1.63	1.685	1.814	1.839	2.049	1.861	1.798	1.915	1.959	1.929	1.87	1.806	2.002	2.117	2.008	1.778	1.852	2.009	1.951	1.946	1.911
	87	2.377	2.436	2.582	2.517	2.412	2.516	2.622	2.463	2.52	2.389	2.463	2.53	2.436	2.377	2.385	2.553	2.65	2.773	2.493	2.596	2.476	2.425	2.436	2.597	2.526	2.459	2.296	2.486	2.712	2.519	2.504	2.419	2.304	2.647	2.613	2.449	2.456	2.823	2.809	2.601	2.433	2.334	2.231	2.216	2.567	2.623	2.325	2.342	2.427	2.34	2.273	2.275	2.378	2.586	2.415	2.28	2.115	1.851	1.944	2.092	1.963	1.928	2.019	2.213	2.152	1.885	1.744	1.774	1.668	1.473	1.58	1.776	1.617	1.535	1.553	1.524	1.528	1.414	1.342	1.293	1.379	1.343	1.371	1.684	1.477	1.372	1.324	1.353	1.351	1.231	1.261	1.372	1.438	1.511	1.497	1.607	1.645	1.637	1.677	1.517	1.441	1.727	1.991	1.781	1.558	1.625	1.681	1.806	1.841	2.054	1.861	1.793	1.926	1.953	1.929	1.867	1.801	1.995	2.118	1.996	1.776	1.856	2.004	1.943	1.941	1.917
	88	2.372	2.429	2.57	2.507	2.415	2.519	2.631	2.462	2.513	2.386	2.462	2.514	2.448	2.377	2.378	2.554	2.651	2.786	2.496	2.59	2.476	2.423	2.437	2.593	2.534	2.462	2.29	2.491	2.71	2.522	2.503	2.428	2.306	2.651	2.616	2.453	2.455	2.84	2.81	2.602	2.42	2.334	2.234	2.214	2.555	2.632	2.322	2.343	2.429	2.349	2.268	2.276	2.369	2.57	2.417	2.283	2.108	1.848	1.949	2.086	1.963	1.94	2.01	2.209	2.144	1.881	1.74	1.773	1.653	1.472	1.578	1.773	1.618	1.531	1.555	1.52	1.532	1.42	1.334	1.294	1.375	1.348	1.368	1.685	1.486	1.385	1.324	1.342	1.337	1.224	1.259	1.366	1.441	1.512	1.488	1.608	1.635	1.64	1.683	1.516	1.442	1.725	1.995	1.784	1.549	1.621	1.678	1.802	1.842	2.047	1.866	1.796	1.921	1.951	1.927	1.868	1.808	2.008	2.12	2.005	1.781	1.853	2.002	1.937	1.946	1.916
	89	2.381	2.436	2.568	2.513	2.418	2.525	2.614	2.471	2.527	2.388	2.464	2.511	2.446	2.374	2.38	2.549	2.65	2.78	2.495	2.596	2.467	2.426	2.431	2.597	2.521	2.46	2.278	2.493	2.706	2.52	2.5	2.422	2.311	2.667	2.633	2.461	2.459	2.826	2.814	2.601	2.412	2.333	2.235	2.211	2.568	2.628	2.316	2.342	2.437	2.348	2.264	2.275	2.37	2.589	2.418	2.282	2.12	1.847	1.939	2.088	1.971	1.93	2.021	2.208	2.15	1.885	1.739	1.772	1.654	1.469	1.58	1.781	1.623	1.525	1.554	1.513	1.535	1.422	1.337	1.286	1.372	1.354	1.371	1.687	1.485	1.375	1.317	1.36	1.344	1.223	1.259	1.37	1.444	1.522	1.497	1.609	1.646	1.636	1.695	1.526	1.441	1.72	1.986	1.78	1.561	1.631	1.682	1.801	1.852	2.047	1.867	1.796	1.914	1.96	1.931	1.865	1.802	2.001	2.115	2.005	1.772	1.85	1.994	1.936	1.944	1.909
	90	2.375	2.429	2.564	2.516	2.423	2.517	2.622	2.467	2.524	2.384	2.456	2.518	2.443	2.361	2.399	2.551	2.652	2.788	2.497	2.585	2.473	2.421	2.428	2.588	2.526	2.449	2.294	2.477	2.712	2.513	2.509	2.433	2.315	2.651	2.614	2.448	2.456	2.831	2.81	2.612	2.421	2.342	2.232	2.217	2.571	2.637	2.32	2.344	2.42	2.349	2.271	2.272	2.378	2.578	2.416	2.278	2.114	1.847	1.948	2.086	1.968	1.937	2.019	2.213	2.148	1.873	1.736	1.765	1.656	1.473	1.584	1.78	1.612	1.531	1.547	1.515	1.541	1.422	1.33	1.29	1.375	1.349	1.375	1.684	1.496	1.372	1.318	1.344	1.341	1.223	1.262	1.377	1.439	1.519	1.497	1.608	1.632	1.634	1.683	1.508	1.448	1.718	1.993	1.781	1.549	1.638	1.685	1.8	1.842	2.04	1.865	1.793	1.913	1.959	1.923	1.861	1.798	2.003	2.116	2.009	1.774	1.847	2.007	1.94	1.934	1.914
	91	2.387	2.438	2.562	2.502	2.407	2.514	2.607	2.467	2.516	2.393	2.462	2.504	2.434	2.368	2.386	2.544	2.636	2.787	2.504	2.592	2.467	2.411	2.427	2.591	2.53	2.454	2.291	2.48	2.704	2.52	2.502	2.417	2.315	2.651	2.603	2.453	2.448	2.833	2.795	2.608	2.421	2.337	2.229	2.217	2.558	2.614	2.325	2.338	2.434	2.35	2.267	2.277	2.371	2.574	2.409	2.279	2.117	1.85	1.941	2.086	1.967	1.925	2.004	2.213	2.16	1.883	1.743	1.764	1.663	1.478	1.586	1.771	1.617	1.531	1.551	1.523	1.528	1.417	1.328	1.29	1.377	1.355	1.376	1.677	1.487	1.373	1.319	1.346	1.337	1.216	1.26	1.368	1.436	1.514	1.497	1.61	1.636	1.646	1.682	1.514	1.448	1.721	1.985	1.772	1.553	1.625	1.691	1.806	1.833	2.045	1.855	1.795	1.914	1.956	1.932	1.86	1.797	2.002	2.107	2.01	1.771	1.856	1.993	1.942	1.933	1.912
	92	2.372	2.43	2.562	2.503	2.405	2.514	2.616	2.47	2.526	2.378	2.461	2.499	2.434	2.376	2.39	2.555	2.653	2.766	2.507	2.588	2.482	2.42	2.429	2.589	2.537	2.45	2.295	2.488	2.705	2.523	2.5	2.426	2.312	2.652	2.613	2.452	2.457	2.839	2.806	2.608	2.431	2.323	2.234	2.205	2.558	2.624	2.336	2.335	2.428	2.345	2.263	2.274	2.365	2.583	2.403	2.285	2.115	1.837	1.943	2.083	1.968	1.935	2.012	2.214	2.151	1.874	1.743	1.774	1.663	1.471	1.577	1.774	1.618	1.527	1.545	1.517	1.528	1.418	1.336	1.288	1.38	1.354	1.38	1.691	1.48	1.366	1.324	1.343	1.341	1.222	1.258	1.37	1.441	1.515	1.49	1.605	1.647	1.638	1.689	1.514	1.441	1.72	1.991	1.776	1.558	1.614	1.688	1.803	1.846	2.033	1.866	1.792	1.91	1.957	1.916	1.861	1.806	1.999	2.106	2.011	1.768	1.843	1.998	1.943	1.934	1.909
	93	2.378	2.43	2.566	2.514	2.396	2.515	2.621	2.457	2.524	2.383	2.463	2.51	2.43	2.368	2.37	2.553	2.648	2.772	2.5	2.582	2.485	2.412	2.422	2.584	2.529	2.454	2.278	2.48	2.705	2.509	2.497	2.42	2.305	2.657	2.613	2.453	2.458	2.838	2.808	2.613	2.423	2.321	2.23	2.214	2.559	2.632	2.326	2.343	2.427	2.349	2.277	2.268	2.363	2.575	2.401	2.295	2.117	1.84	1.932	2.079	1.965	1.933	2.024	2.215	2.153	1.876	1.749	1.763	1.652	1.477	1.583	1.771	1.615	1.527	1.554	1.513	1.527	1.424	1.335	1.297	1.373	1.349	1.372	1.679	1.493	1.375	1.322	1.338	1.329	1.228	1.265	1.365	1.434	1.509	1.495	1.61	1.636	1.647	1.678	1.515	1.448	1.718	1.998	1.782	1.553	1.625	1.683	1.798	1.843	2.053	1.869	1.791	1.912	1.948	1.924	1.855	1.805	1.999	2.103	2.002	1.774	1.847	2.003	1.94	1.932	1.914
	94	2.376	2.448	2.561	2.502	2.396	2.505	2.608	2.459	2.511	2.388	2.467	2.506	2.431	2.368	2.387	2.553	2.649	2.783	2.488	2.583	2.484	2.425	2.43	2.592	2.522	2.451	2.296	2.471	2.708	2.512	2.489	2.423	2.303	2.66	2.603	2.454	2.466	2.836	2.806	2.617	2.429	2.336	2.224	2.211	2.566	2.635	2.32	2.332	2.422	2.344	2.271	2.275	2.368	2.585	2.411	2.276	2.117	1.847	1.947	2.091	1.967	1.927	2.013	2.204	2.157	1.88	1.734	1.767	1.66	1.471	1.588	1.765	1.616	1.529	1.554	1.514	1.524	1.419	1.338	1.301	1.375	1.349	1.376	1.685	1.488	1.371	1.314	1.339	1.335	1.226	1.26	1.361	1.444	1.51	1.492	1.603	1.638	1.641	1.678	1.525	1.442	1.726	1.987	1.783	1.556	1.639	1.686	1.804	1.843	2.048	1.862	1.798	1.924	1.945	1.92	1.854	1.802	1.998	2.11	2	1.769	1.846	1.999	1.941	1.93	1.911
	95	2.369	2.423	2.558	2.513	2.416	2.506	2.615	2.47	2.515	2.378	2.466	2.504	2.423	2.372	2.371	2.54	2.649	2.771	2.491	2.586	2.478	2.415	2.428	2.593	2.523	2.444	2.29	2.489	2.704	2.525	2.499	2.432	2.301	2.664	2.62	2.449	2.457	2.825	2.801	2.607	2.424	2.327	2.233	2.219	2.565	2.623	2.324	2.323	2.422	2.348	2.271	2.273	2.37	2.583	2.417	2.29	2.113	1.842	1.932	2.092	1.957	1.931	2.015	2.214	2.155	1.881	1.747	1.769	1.665	1.476	1.581	1.771	1.615	1.529	1.553	1.515	1.53	1.412	1.34	1.286	1.367	1.354	1.377	1.678	1.485	1.369	1.32	1.351	1.345	1.224	1.264	1.375	1.443	1.51	1.495	1.61	1.639	1.644	1.682	1.515	1.441	1.719	1.988	1.777	1.549	1.635	1.687	1.801	1.843	2.044	1.857	1.789	1.908	1.951	1.921	1.859	1.798	2.014	2.113	1.996	1.764	1.849	2.002	1.936	1.934	1.901
	96	2.375	2.435	2.559	2.499	2.4	2.515	2.609	2.462	2.511	2.377	2.465	2.505	2.429	2.368	2.381	2.558	2.641	2.767	2.487	2.582	2.456	2.421	2.426	2.593	2.529	2.445	2.284	2.488	2.698	2.52	2.498	2.421	2.309	2.665	2.619	2.452	2.456	2.834	2.788	2.606	2.43	2.337	2.234	2.216	2.563	2.638	2.318	2.333	2.414	2.339	2.27	2.278	2.374	2.58	2.404	2.282	2.114	1.843	1.937	2.09	1.959	1.922	2.018	2.21	2.144	1.881	1.747	1.769	1.657	1.477	1.59	1.768	1.615	1.526	1.549	1.523	1.529	1.416	1.337	1.29	1.378	1.349	1.37	1.686	1.491	1.377	1.317	1.35	1.334	1.222	1.256	1.373	1.431	1.518	1.496	1.605	1.639	1.638	1.683	1.515	1.445	1.72	1.988	1.776	1.554	1.626	1.681	1.805	1.827	2.051	1.862	1.8	1.919	1.956	1.915	1.853	1.804	1.991	2.117	2.002	1.782	1.85	1.989	1.937	1.933	1.905
	97	2.355	2.427	2.561	2.494	2.402	2.51	2.623	2.458	2.512	2.377	2.451	2.505	2.43	2.369	2.391	2.545	2.644	2.766	2.497	2.573	2.457	2.415	2.426	2.591	2.528	2.451	2.28	2.484	2.714	2.518	2.492	2.426	2.31	2.65	2.607	2.457	2.455	2.836	2.803	2.603	2.412	2.325	2.235	2.213	2.57	2.637	2.317	2.343	2.418	2.34	2.268	2.267	2.374	2.574	2.429	2.284	2.119	1.847	1.933	2.082	1.961	1.933	2.016	2.205	2.163	1.874	1.735	1.769	1.654	1.473	1.584	1.778	1.619	1.524	1.554	1.519	1.528	1.418	1.332	1.288	1.376	1.356	1.378	1.681	1.483	1.372	1.318	1.345	1.344	1.224	1.26	1.364	1.437	1.511	1.5	1.596	1.632	1.638	1.687	1.514	1.438	1.722	1.987	1.778	1.56	1.623	1.676	1.795	1.83	2.039	1.856	1.797	1.916	1.954	1.925	1.858	1.8	1.997	2.106	1.997	1.774	1.842	1.998	1.946	1.935	1.903


LabSTAF SN:	21-2937-012
Calibration date:	Jan 17 2023	

PMT dynamic range				Fluorophore SU				PMT wavebands
System °C:	24.5				Slope	ADC		Filter A:	HC685 ± 10
LED mA:	160			0.48:	8.551	1437		Filter B:	HC730 ± 10
PMT eht:	560			2.4:	8.579	7659		DW slope:	2.25
PMT slope:	8.537			6.0:	8.535	19239
Signal slope:	3160			12.0:	8.484	38577

LEDs			ALED calibration				MLED calibration
MLED library:	MLED B		DAC	uA	EST			416 nm	452 nm	452 nm	473 nm	495 nm	534 nm	594 nm	622 nm
ALED type:	CXB1304 4000 K		127	0.071	30.1		80 mA:	0.1724	0.178	0.1827	0.2053	0.1509	0.1319	0.1257	0.0743
ALED window:	BG38/635 nm A		142	0.119	50.4		160 mA:	0.3822	0.4069	0.419	0.4291	0.2933	0.2851	0.2775	0.1677
ALED PADC slope:	0.2908		156	0.15	63.6		240 mA:	0.5784	0.6108	0.6283	0.6214	0.4109	0.421	0.4171	0.263
US_SQS/L constant:	2.36		170	0.178	75.4		320 mA:	0.7508	0.812	0.8319	0.7993	0.5096	0.5373	0.5402	0.355
			184	0.205	86.9		400 mA:	0.9251	1	1.029	0.9731	0.6038	0.6523	0.6649	0.4472
			200	0.234	99.2		460 mA:	1.056	1.134	1.166	1.092	0.6668	0.7387	0.7514	0.5083
Thermocouple			400	0.588	249.2
TC slope:	0.038		600	0.951	403
TC offset:	0		1000	1.691	716.5
			1400	2.433	1031
System response			2000	3.537	1499
Decrease per °C:	0.39	%	4095	7.215	3057
